origin,destination,TT,FFTT,Average Trip Length
0,3,16.167886524312475,14.180794400000002,10514.597333333333
0,4,13.489037161727397,12.184431885714286,9034.289333333336
0,6,5.000482159223562,3.950296399999999,3628.0526666666665
0,8,1.162265573916656,1.0414152,1043.2313333333334
0,10,3.136704190232894,3.005388,2926.601666666667
0,12,25.93677835815843,24.3101562,9301.602666666668
0,14,27.150780592482853,21.137692371428567,19109.659333333333
0,16,15.109153211524246,12.421879199999996,10211.271333333332
0,18,11.850676624199266,9.7773492,8032.319333333334
0,20,5.139116436510348,4.852712399999999,4228.004333333333
0,22,6.548554779493534,5.2177956,4532.240333333332
0,24,9.096813656857996,8.1206812,6059.842666666666
0,27,41.698696113388515,26.10654339999999,19465.15633333333
0,28,26.166962219993614,20.64455645714285,19139.97333333333
0,30,25.361753937284536,19.653133371428567,17625.100333333332
0,32,21.92418978988807,16.187552399999998,13225.707333333334
0,34,20.544912273641952,14.8238472,12089.286333333332
0,36,15.977574158884122,12.4294572,10541.95833333333
0,38,20.331762196747448,15.076015199999997,12937.404333333327
0,40,17.92564331161951,13.6122972,11527.658333333327
0,42,13.278403966171902,10.6399488,9050.70133333333
0,44,10.248517190789254,8.7509688,7476.551333333332
0,46,14.427959619227845,11.4622572,9735.95833333333
0,48,12.02586211261205,10.558497,8952.430333333332
0,50,11.807479803246386,8.809014000000001,8059.925333333333
0,52,12.051841775014484,8.204262,8139.566333333332
0,56,34.05159646115995,21.008661599999996,15646.696333333331
0,59,43.315986557968095,27.69132239999999,19837.244333333332
0,61,27.95844377440927,22.3496672,17144.653333333332
0,63,22.838050067127785,16.211192399999998,13693.40433333333
0,65,19.89922101843681,14.426187599999999,12205.900333333331
0,67,16.89212642257905,12.9348492,10963.118333333332
0,69,23.036849715259645,13.463608200000001,10875.99633333333
0,71,25.819076414796335,15.095572800000001,12630.00633333333
0,73,26.39212042039263,15.2860086,12923.69233333333
0,75,19.056702030107274,13.092624600000002,10566.84333333333
0,77,30.832917685383595,15.462936399999998,13056.588333333333
0,80,30.22981461603326,17.243471199999995,13743.302333333328
0,82,35.46787154405975,20.79679139999999,16861.61433333333
0,84,50.07149361020937,34.444127399999985,23238.814333333332
0,86,33.74117901771901,23.735266799999998,19963.466333333334
0,88,30.296661511966576,20.296231199999998,17097.60333333333
0,89,26.299947850674435,17.4229028,15058.595333333331
0,91,28.508318297891268,16.9713558,14118.01933333333
0,93,29.967087995782666,17.751131599999997,15296.612333333333
0,95,30.119591240741244,19.649793000000003,18475.900333333328
0,97,29.719749903984948,19.314965400000002,18176.061333333328
0,99,31.1915029155871,19.302883399999995,16500.06733333333
0,101,34.153746694411595,21.176954599999995,21050.379333333334
0,103,31.90260631650422,20.385530999999993,20894.30433333333
0,105,33.20509145359925,20.4328756,17973.32533333333
0,107,35.294509254587304,22.4305056,18962.078333333335
0,110,35.988338623648346,23.994351485714276,24289.272333333327
0,111,33.01675211746959,21.15173919999999,21891.991333333328
0,113,32.69249449694465,20.91716319999999,21618.31933333333
0,116,43.75180852371181,28.911202228571433,23072.15233333333
0,117,44.221132831502274,31.282005999999996,31847.532333333336
0,119,40.43956909527302,27.509883999999996,28155.76833333333
3,0,17.524191014094757,14.167996399999998,11302.043333333333
3,4,3.092804978533188,2.40133,2493.6653333333334
3,6,18.982105304086694,15.413592399999999,12346.032333333334
3,8,15.180332148057136,12.591724399999999,9988.483333333335
3,10,20.66089520432765,15.065185199999998,11611.369333333334
3,12,38.52631267643919,27.5991208,16901.663333333334
3,14,17.931407934799118,13.68783757142857,12590.699666666666
3,16,2.3393755321241843,1.088744,1257.8836666666666
3,18,4.215861731162392,2.9611634285714286,3146.8043333333335
3,20,9.339565920418632,7.0645692,5840.724333333333
3,22,15.413857467760334,12.131204399999998,9166.385333333334
3,24,19.467825330131404,14.2129136,12199.125333333335
3,27,45.90620805504605,28.31197219999999,21287.968333333334
3,28,16.94758956230988,13.194701657142858,12621.013666666666
3,30,16.1423812796008,12.20327857142857,11106.140666666666
3,32,12.656457356014128,8.737697599999999,6785.465666666666
3,34,11.27717983976801,7.373992399999999,5649.044666666666
3,36,7.3833577586245465,5.255587999999999,4442.967666666666
3,38,11.112389539063718,7.626160399999998,6418.444666666667
3,40,9.01553047193022,6.187033999999999,5219.172666666667
3,42,6.768235874625598,3.6904112000000002,3425.939666666667
3,44,7.421985941488412,5.616692400000001,5490.8853333333345
3,46,9.565611372289204,6.3724184,5499.917666666667
3,48,9.336610904317384,5.9810972,5334.844666666666
3,50,10.59633649286862,7.9291628,7854.751333333334
3,52,15.314686185954557,10.546783999999999,10377.88433333333
3,56,38.25910840281748,23.214090399999996,17469.508333333335
3,59,47.52349849962563,29.89675119999999,21660.05633333333
3,61,18.739071116725537,14.964812057142858,11310.974666666669
3,63,14.642078184819269,9.064674599999998,7859.725666666668
3,65,12.418553995115897,7.864410599999999,6859.505666666668
3,67,12.135440610497357,7.845010399999999,6933.233666666666
3,69,19.548135011371155,8.782895599999998,7669.676666666666
3,71,21.843612483863193,10.005734,8688.708666666666
3,73,22.531581589172873,10.429770799999998,9151.361666666666
3,75,17.508476489052693,9.794567600000002,9182.667333333333
3,77,34.335555614272515,12.721664,12836.950333333334
3,80,34.43732655769079,19.448899999999995,15566.114333333333
3,82,39.67538348571728,23.00222019999999,18684.426333333333
3,84,54.27900555186691,36.64955619999999,25061.626333333334
3,86,25.545207135410497,16.588749,14129.787666666663
3,88,22.100689629658063,13.149713399999998,11263.924666666666
3,89,18.598834472982375,10.5140148,9496.546666666669
3,91,22.08208164969961,12.115117999999999,11364.87066666667
3,93,28.40122330626359,13.913010799999997,12397.174333333334
3,95,22.418477863049183,13.158399999999999,12913.85166666667
3,97,22.018636526292887,12.823572399999998,12614.01266666667
3,99,23.49038953789504,14.316399599999999,14154.98466666667
3,101,26.45263331671953,16.1033548,15488.330666666669
3,103,24.20149293881216,15.022762199999999,15332.255666666671
3,105,25.77774045169033,16.187770114285712,16797.124666666674
3,107,29.35510501759509,18.592384799999998,19210.588666666674
3,110,28.287225245956286,18.631582685714285,18727.223666666672
3,111,25.315638739777533,15.7889704,16329.942666666675
3,113,24.991381119252587,15.5543944,16056.270666666673
3,116,37.8124042867196,25.739478628571433,23320.662666666674
3,117,36.52001945381022,26.57210791428571,26285.483666666678
3,119,32.73845571758097,22.79998591428571,22593.719666666675
4,0,14.431386035561573,12.130290628571425,8808.377999999999
4,3,2.6900426356272273,2.401211200000001,2260.9680000000008
4,6,15.889300325553512,13.375886628571426,9852.367
4,8,12.08752716952395,10.554018628571425,7494.817999999999
4,10,17.568090225794467,13.027479428571427,9117.703999999998
4,12,35.433507697906,25.912696028571432,14407.998
4,14,19.040724490863607,14.3600822,12714.628999999997
4,16,4.287608071906904,3.4683342285714285,3082.001
4,18,1.1230567526292043,0.5598334285714285,653.139
4,20,6.246760941885447,5.026863428571428,3347.059
4,22,12.321052489227148,10.093498628571426,6672.719999999998
4,24,16.375020351598216,12.490898228571426,9705.46
4,27,42.81340307651287,26.589956828571413,18794.303
4,28,18.056906118374368,13.866946285714286,12744.943
4,30,17.25169783566529,12.8755232,11230.069999999998
4,32,13.907822274420637,9.862864628571428,7939.042
4,34,12.721893434280165,8.499159428571428,6542.7970000000005
4,36,8.824172672306148,6.170021828571427,4481.795999999999
4,38,12.221706095128207,8.298405028571427,6542.374000000001
4,40,10.124847027994708,6.859278628571428,5343.102
4,42,6.261120156151259,4.125295028571427,3464.4289999999996
4,44,4.329180962955224,3.578986628571428,3170.9519999999998
4,46,7.820370778413512,6.123733428571428,5184.583
4,48,6.243805925784195,5.304809828571426,4609.138000000001
4,50,7.503531514335431,6.207147428571426,5361.086
4,52,12.221881207421369,8.824768628571425,7884.219
4,56,35.1663034242843,21.49207502857142,14975.843
4,59,44.43069352109245,28.174735828571414,19166.391000000003
4,61,19.848387672790025,15.637056685714287,11434.904
4,63,15.751394740883757,9.736919228571429,7983.655
4,65,13.291632177622473,8.536655228571428,6983.435
4,67,10.284537581764717,7.596325428571427,6411.7429999999995
4,69,17.238877900181855,8.443535828571427,6998.155000000001
4,71,19.56521036384836,9.757049028571428,8231.878999999999
4,73,20.222324477983573,10.181085828571426,8694.532
4,75,14.415671510519505,8.072552228571427,6689.002
4,77,31.24275063573932,10.999648628571425,10343.285
4,80,31.344521579157608,17.72688462857142,13072.448999999999
4,82,36.5825785071841,21.280204828571414,16190.761
4,84,51.18620057333373,34.92754082857141,22567.961000000003
4,86,26.65452369147498,17.26099362857143,14253.716999999997
4,88,23.21000618572255,13.821958028571428,11387.853999999998
4,89,19.692359009860102,11.18625942857143,10507.22
4,91,22.254452246943295,11.866433028571427,9719.892
4,93,25.383719720296067,12.739427428571428,11891.405000000002
4,95,23.51200239992691,13.830644628571429,13924.525
4,97,23.112161063170614,13.495817028571429,13624.686
4,99,24.583914074772768,14.197960628571426,12270.907
4,101,27.546157853597258,16.072031828571426,16499.004
4,103,25.295017475689885,15.280608228571426,16342.929000000002
4,105,26.871264988568058,15.421171428571428,14568.118000000004
4,107,30.448629554472816,17.418801428571427,20221.262000000006
4,110,29.380749782834013,18.88942871428571,19737.897
4,111,26.40916327665526,16.046816428571425,17340.616
4,113,26.084905656130314,15.812240428571426,17066.944000000003
4,116,38.90592882359732,24.017463257142857,24331.336000000007
4,117,37.613543990687944,26.270301828571423,27296.157000000007
4,119,33.83198025445869,22.498179828571423,23604.393000000004
6,0,5.435193066827443,4.432324085714285,3706.054
6,3,17.577295489788355,15.502053685714285,11444.02
6,4,14.898446127203277,13.50569117142857,9963.712000000003
6,8,2.799340729546892,2.5557568857142847,2142.248
6,10,8.571897257060337,6.721980485714284,5614.101000000001
6,12,30.761871482809347,25.631415485714285,10550.116000000002
6,14,28.560189557958736,22.45895165714285,20039.082
6,16,16.518562177000128,13.743138485714278,11140.694
6,18,13.260085589675146,11.098608485714282,8961.742
6,20,6.548525401986229,6.1739716857142835,5157.427
6,22,7.9579637449694145,6.539054885714284,5461.663000000001
6,24,13.160878791019279,10.099994885714285,7242.133000000002
6,27,43.1081050788644,27.427802685714273,20394.579
6,28,27.576371185469498,21.965815742857135,20069.395999999997
6,30,26.77116290276042,20.97439265714285,18554.522999999997
6,32,23.333598755363955,17.50881168571428,14155.130000000001
6,34,21.954321239117835,16.14510648571428,13018.708999999999
6,36,17.386983124360004,13.750716485714282,11471.381
6,38,21.741171162223335,16.39727448571428,13866.826999999996
6,40,19.335052277095397,14.933556485714282,12457.080999999995
6,42,14.687812931647784,11.961208085714283,9980.123999999998
6,44,11.657926156265136,10.072228085714283,8405.974
6,46,15.837368584703727,12.783516485714282,10665.381
6,48,13.435271078087931,11.879756285714281,9881.852999999997
6,50,13.216888768722267,10.130273285714287,8989.348000000002
6,52,13.461250740490366,9.525521285714284,9068.989000000001
6,56,35.46100542663583,22.32992088571428,16576.119000000002
6,59,44.72539552344398,29.012581685714274,20766.667
6,61,29.367852739885155,23.670926485714283,18074.075999999997
6,63,24.247459032603672,17.53245168571428,14622.826999999997
6,65,21.308629983912695,15.74744688571428,13135.322999999999
6,67,18.301535388054933,14.256108485714282,11892.541
6,69,24.446258680735525,14.784867485714283,11805.418999999998
6,71,27.228485380272215,16.416832085714283,13559.428999999996
6,73,27.80152938586851,16.607267885714283,13853.114999999996
6,75,20.466110995583154,14.413883885714284,11496.265999999998
6,77,32.242326650859475,16.784195685714284,13986.011000000002
6,80,31.639223581509135,18.56473048571428,14672.725
6,82,36.87728050953563,22.118050685714273,17791.037
6,84,51.480902575685256,35.765386685714276,24168.237
6,86,35.1505879831949,25.05652608571428,20892.889
6,88,31.706070477442463,21.61749048571428,18027.025999999998
6,89,27.709356816150322,18.74416208571428,15988.017999999998
6,91,29.917727263367148,18.29261508571428,15047.441999999997
6,93,31.37649696125855,19.072390885714285,16226.035000000002
6,95,31.52900020621713,20.97105228571428,19405.322999999997
6,97,31.129158869460834,20.63622468571428,19105.483999999997
6,99,32.60091188106299,20.62414268571428,17429.489999999998
6,101,35.56315565988748,22.49821388571428,21979.802
6,103,33.31201528198011,21.706790285714277,21823.727
6,105,34.61450041907514,21.754134885714283,18902.748
6,107,36.703918220063194,23.751764885714284,19891.501
6,110,37.397747589124236,25.31561077142856,25218.694999999996
6,111,34.426161082945484,22.472998485714275,22821.413999999997
6,113,34.10190346242054,22.238422485714274,22547.742
6,116,45.1612174891877,30.232461514285717,24001.575
6,117,45.630541796978164,32.60326528571428,32776.955
6,119,41.84897806074891,28.83114328571428,29085.191
8,0,1.7713233593775146,1.0228956000000002,2122.6814000000004
8,3,14.485961288998535,12.646001600000002,9346.218400000002
8,4,11.807111926413459,10.649639085714286,7865.910400000001
8,6,3.563114189399694,2.5616011999999997,3198.5204
8,10,3.9015676196040694,1.3280927999999999,2589.8534
8,12,25.07822955750468,20.237527800000002,7813.665600000002
8,14,25.468855357168913,19.47039797142857,17877.352799999997
8,16,13.427227976210308,10.887086399999996,9042.8924
8,18,10.168751388885326,8.2425564,6738.2644
8,20,3.457191201196409,3.317919599999999,3374.3178
8,22,2.306602839653708,1.1451672000000002,2497.801
8,24,7.477236865714613,4.706107200000001,4278.271000000001
8,27,37.60360406391492,22.033915,17159.136599999998
8,28,24.485036984679674,18.977262057142855,17907.666799999995
8,30,23.679828701970596,17.98583897142857,16392.793799999992
8,32,20.242264554574138,14.520258,11993.4008
8,34,18.86298703832802,13.1565528,10856.979799999997
8,36,14.295648923570182,10.7621628,9309.651799999998
8,38,18.64983696143351,13.408720799999998,11705.097799999994
8,40,16.243718076305573,11.945002800000001,10295.351799999993
8,42,11.596478730857962,8.972654400000001,7818.394799999999
8,44,8.566591955475314,7.163361600000002,6270.807199999999
8,46,12.746034383913905,9.7949628,8503.651799999998
8,48,10.343936877298109,7.9468152,7439.004999999999
8,50,7.831190497643753,4.7363856,5872.694200000001
8,52,7.956749725540888,4.1316336,5833.5466
8,56,29.956504411686357,16.936033199999997,13340.6766
8,59,39.2208945084945,23.618694,17531.2246
8,61,26.27651853909533,20.6823728,15912.3468
8,63,21.156124831813845,14.543897999999999,12461.097799999998
8,65,18.217295783122868,12.7588932,10973.593799999999
8,67,15.21020118726511,10.636434000000001,9554.789
8,69,21.354924479945705,10.4509452,9268.246
8,71,24.137151179482395,12.511917599999999,11022.255999999998
8,73,24.71019518507869,12.273345599999999,11315.942
8,75,17.374776794793334,9.428769200000001,8885.067
8,77,26.73782563591,11.390308,10750.568600000002
8,80,26.134722566559663,13.170842799999999,11437.282599999999
8,82,31.372779494586155,16.724163,14555.5946
8,84,45.97640156073578,30.371499000000004,20932.7946
8,86,32.05925378240507,22.0679724,18731.159799999994
8,88,28.614736276652636,18.628936799999998,15865.296799999996
8,89,24.618022615360495,15.755608400000002,13654.559999999998
8,91,26.826393062577328,13.9586928,12510.268999999997
8,93,28.033190279334935,13.6785032,13139.506399999998
8,95,28.437666005427303,16.63713,16557.863
8,97,28.037824668671007,16.3023024,16211.903999999999
8,99,29.50957768027316,16.220356,14892.317
8,101,32.471821459097654,18.0944272,18247.1946
8,103,30.22068108119028,17.303003599999997,18168.6614
8,105,31.271193737151524,16.3602472,15816.219399999998
8,107,33.36061153813958,18.3578772,16804.9724
8,110,34.306413388334406,20.91182408571428,22182.079799999996
8,111,31.334826882155653,18.069211799999994,19784.7988
8,113,31.010569261630707,17.834635799999994,18827.220599999997
8,116,40.27631980182725,24.838573828571434,21202.459000000003
8,117,42.320787441795325,27.209377599999996,27595.7976
8,119,38.53922370556607,23.437255599999997,23904.033600000002
10,0,4.800834984817811,2.9653116000000006,3496.1148000000003
10,3,20.978097689639412,15.131346000000006,12067.010400000001
10,4,18.299248327054336,13.13498348571429,10586.7024
10,6,10.238284804756782,6.7725463999999995,6691.699599999998
10,8,3.479955486670911,1.3944108,2074.105
10,12,12.366590952953793,12.358896,4912.5858
10,14,31.64637402464075,21.026910771428568,20188.182
10,16,19.919364376851185,12.6103068,11545.9588
10,18,16.45985148019115,10.350872800000003,8987.3452
10,20,9.949327601837288,5.5063320000000004,5513.4924
10,22,5.684053159640855,1.3739172,2454.4669999999996
10,24,4.233325984995976,3.3885099999999992,2555.5665999999997
10,27,38.042628400864686,22.528196199999996,16091.6106
10,28,30.66255565215151,20.533774857142852,20218.496
10,30,29.857347369442433,19.542351771428567,18703.622999999996
10,32,26.419783222045968,16.0767708,14304.230000000001
10,34,25.04050570579985,14.713065599999998,13167.809
10,36,20.473167591042017,12.318675599999999,11620.481000000002
10,38,24.827355628905348,14.965233599999996,14015.926999999996
10,40,22.42123674377741,13.5015156,12606.180999999997
10,42,17.773997398329797,10.39311,10129.223999999998
10,44,14.830271761024745,8.719874400000002,8608.198800000002
10,46,18.923553051385742,11.351475599999999,10814.481000000002
10,48,15.588277695674726,8.630011199999998,9131.8682
10,50,11.455565203732503,5.419581599999999,6199.637400000001
10,52,8.683951153052808,4.625914799999999,5451.504599999999
10,56,30.395528748636117,17.430314399999997,12273.150599999999
10,59,39.65991884544427,24.112975199999997,16463.6986
10,61,32.45403720656717,22.2388856,18223.176
10,63,27.333643499285685,16.100410799999995,14771.927
10,65,24.39481445059471,14.315405999999998,13284.423
10,67,21.387719854736947,11.31963,11206.151800000003
10,69,25.678403967073333,11.134141199999998,10257.5094
10,71,28.460630666610022,13.195113599999997,12011.5194
10,73,29.033674672206317,12.956541599999998,12305.205399999999
10,75,20.635432018063277,10.111965199999998,9098.685
10,77,27.17684997285976,11.884589199999999,9683.042599999999
10,80,26.573746903509424,13.665123999999999,10369.756599999999
10,82,31.811803831535915,17.218444199999997,13488.068599999999
10,84,46.415425897685544,30.8657802,19865.268600000003
10,86,38.236772449876916,23.6244852,21041.989
10,88,34.79225494412448,20.1854496,18176.126
10,89,30.795541282832335,16.613028899999996,15430.683800000003
10,91,31.149872549704956,14.641888799999998,13455.0968
10,93,31.553708510935824,14.361699199999997,13197.692000000001
10,95,34.598246662547076,17.320326,16703.304799999998
10,97,34.19840532579078,16.9854984,15975.548400000003
10,99,34.011312427883965,16.903551999999998,15635.5104
10,101,36.9962239420157,18.777623199999997,17197.2364
10,103,35.101997503317634,17.986199599999996,17207.4462
10,105,34.79171196875241,17.0434432,15874.405000000002
10,107,36.88112976974046,19.0410732,16863.158000000003
10,110,39.18772981046176,21.59502008571428,21602.661999999997
10,111,36.21614330428301,18.752407799999993,19205.380999999998
10,113,35.89188568375806,18.517831799999993,17866.005400000002
10,116,40.715344138777006,25.33322542857143,20789.4226
10,117,45.84130567339621,27.892573599999995,24512.04
10,119,42.059741937166955,24.120451599999996,20820.276
12,0,20.977774235792502,19.14222,12581.165666666668
12,3,34.17021718105504,27.595363399999986,17689.179666666667
12,4,31.48017454542781,25.984388485714277,15688.43166666667
12,6,26.415224055731475,22.345907600000004,14478.141000000003
12,8,19.20726090972668,16.967772000000004,9695.650333333337
12,10,12.358913052281302,12.358896,8994.527
12,14,43.07699973580077,32.216604771428564,22774.84466666667
12,16,32.130785659526225,24.64882259999999,15972.553666666665
12,18,28.719432288224766,23.096332199999992,13523.017666666667
12,20,22.075551531777002,18.820387799999992,10026.118666666667
12,22,20.929341385593503,16.947278400000002,8554.125666666667
12,24,5.51723696774675,5.516506,3115.3303333333333
12,27,10.625778783035212,10.625778000000004,9330.435666666668
12,28,42.09318136331154,31.72346885714285,22805.158666666666
12,30,41.287973080602455,30.732045771428567,21290.285666666667
12,32,37.944097519357804,27.72286119999999,17629.80266666667
12,34,36.61391450013549,26.63466719999998,16791.801
12,36,32.046576385377655,24.604916399999997,15244.473000000004
12,38,36.25798134006537,26.154927599999994,16602.589666666667
12,40,33.85186245493743,24.463232399999992,15192.843666666666
12,42,28.773201884397174,22.431625799999992,13389.382000000003
12,44,26.44593944734208,21.522605399999993,12399.207333333337
12,46,30.49696184572138,23.618411999999996,13420.409666666668
12,48,25.570065290324997,20.83627259999999,12148.259999999997
12,50,21.539675988111824,17.375800799999993,9460.693000000001
12,52,17.317884288964834,14.938239599999996,7184.7863333333335
12,56,18.262828438138975,18.262698000000007,10603.255666666668
12,59,12.244627798315191,12.126603000000005,10455.015000000001
12,61,43.8846629177272,33.14926279999999,21147.701333333334
12,63,37.4672450921927,27.010787999999987,17696.452333333335
12,65,35.332624545814035,25.27712279999999,16399.669
12,67,29.909819786680686,22.028973599999993,13506.314333333336
12,69,31.210910623024677,20.964831599999993,12890.865666666665
12,71,34.08069581696818,23.025803999999994,14894.555666666667
12,73,31.69445447451534,22.787231999999992,14186.157000000001
12,75,21.12958463579141,19.141408399999992,9981.866333333333
12,77,23.03918479116341,17.2791582,9876.588333333333
12,80,20.56019314840981,19.059692999999996,10435.686333333331
12,82,21.54633482700129,20.907676000000006,12704.586333333338
12,84,19.00013485055647,18.879408000000005,13856.585000000001
12,86,48.37037404278393,34.53486239999999,23966.51433333334
12,88,44.92585653703149,31.09582679999999,21100.65133333334
12,89,36.52634751883001,26.443719299999998,16999.622333333336
12,91,33.10045674041975,23.795748600000003,15058.10066666667
12,93,32.34788272133839,22.6277718,14084.786666666667
12,95,36.16619324136109,26.99437500000001,17299.874666666667
12,97,35.7663519046048,26.660835200000005,17000.035666666667
12,99,34.888325279994355,25.169624600000002,16431.97666666667
12,101,37.87323679412609,27.043695800000002,17993.702666666668
12,103,35.979010355428024,26.2522722,17985.53266666667
12,105,35.58588617915498,25.309515800000003,16761.499666666667
12,107,37.675303980143035,27.307145800000004,17750.252666666667
12,110,40.06474266257215,29.861092685714283,21380.500666666663
12,111,37.0931561563934,27.018480399999998,18983.219666666668
12,113,36.76889853586845,26.783904399999997,18709.54766666667
12,116,36.57767895708066,30.727794428571436,20982.968333333338
12,117,46.63547988379878,36.15864620000001,25399.13466666667
12,119,42.85391614756953,32.386524200000004,21707.370666666666
14,0,26.096175242315336,21.17856697142857,18600.6305
14,3,18.561478072372903,13.549229371428574,12405.047499999997
14,4,16.020718873002934,14.139556457142856,12744.240499999996
14,6,27.554089532307277,22.42416297142857,19644.6195
14,8,23.752316376277715,19.492304171428565,17070.964499999995
14,10,29.23287943254823,20.99996977142857,18629.279499999997
14,12,45.07705571597899,32.76616557142857,23145.090499999995
14,16,13.19246703196631,9.65109817142857,8577.093499999999
14,18,13.328648384862515,11.457851371428571,10225.663499999999
14,20,16.72138634879574,13.511861771428567,12211.709499999994
14,22,23.100995879530565,17.864932571428568,16184.295499999993
14,24,26.018568369671208,19.34436777142857,18442.552499999994
14,27,52.366030719879426,30.969377971428568,27537.45949999999
14,28,3.4050357664222606,3.0283719999999996,3424.0255
14,30,1.6413610173614446,1.484559,1512.6795
14,32,3.122695357982343,2.9156661714285717,2879.0835
14,34,6.549762349295968,6.135971399999999,5388.856499999999
14,36,9.982858907727055,8.225358971428571,7388.977499999998
14,38,5.769583236865749,5.56011117142857,5773.4045
14,40,8.157920381633485,7.23844737142857,7263.3175
14,42,11.477496408007358,10.071609371428572,9332.018499999998
14,44,14.353104816360077,11.747818571428567,11304.694499999994
14,46,9.814577445503243,8.48369697142857,8301.0255
14,48,14.03860508252632,11.15899737142857,10309.577500000003
14,50,16.795904667987692,13.793334571428572,12864.311499999996
14,52,21.51425436107363,15.67823817142857,15387.444499999994
14,56,44.71893106765086,25.871496171428575,23718.99949999999
14,59,53.98332116445901,32.55415697142857,27909.547499999993
14,61,5.196517320837918,4.798482399999999,6374.2095
14,63,7.024710702906442,6.625141599999999,9418.6415
14,65,11.896743578500176,9.22385797142857,9160.3455
14,67,11.613630193881637,9.71822337142857,9329.7975
14,69,17.512090934746585,11.06002977142857,16981.376500000006
14,71,13.366634587007521,11.269389599999998,14594.1515
14,73,16.182544278055744,12.70690497142857,16284.5655
14,75,18.61662447020569,12.416021371428572,13480.7255
14,77,35.20134505654851,15.37906977142857,22092.412500000006
14,80,40.89714922252416,22.106305771428573,21815.60549999999
14,82,46.13520615055066,25.659625971428568,24933.917499999992
14,84,60.738828216700284,39.306961971428564,31311.117499999993
14,86,16.03434637163216,15.133165899999998,13101.732500000002
14,88,12.589828865879726,11.694130299999998,10235.869500000003
14,89,9.866913880983175,9.106805599999998,12793.8635
14,91,13.477374961031382,11.371609199999998,14679.3345
14,93,19.364188565450895,16.19014497142857,23059.17650000001
14,95,11.875037818966913,11.296885199999998,15904.792500000001
14,97,11.475196482210617,10.962057599999998,15604.953500000001
14,99,12.94694949381277,12.454884799999997,17145.925500000005
14,101,15.909193272637268,14.241839999999998,18479.271500000003
14,103,13.658052894729888,13.161247399999997,18323.196500000005
14,105,15.234300407608055,14.326255314285712,19788.065500000004
14,107,18.811664973512812,17.22241211428571,22201.529500000004
14,110,17.74378520187401,16.770067885714283,21718.1645
14,111,14.772198695695261,13.927455599999998,19320.883500000004
14,113,14.447941075170315,13.692879599999998,19047.211500000005
14,116,27.268964242637317,25.41739771428571,26311.603500000005
14,117,25.97657940972794,24.710593114285707,29276.42450000001
14,119,22.19501567349869,20.938471114285708,25584.660500000005
16,0,16.549631189210956,12.407459199999998,10502.758599999997
16,3,2.57629276689286,1.0772659999999998,2395.9988
16,4,4.605841614982325,3.3403850857142854,3747.4108
16,6,18.007545479202893,13.653055199999999,11546.747599999999
16,8,14.205772323173335,10.831187199999999,9016.3138
16,10,19.68633537944385,12.493704000000001,10734.546400000001
16,12,36.09896230406321,24.641102000000004,15660.8242
16,14,12.758458588047546,9.80822957142857,10304.003999999997
16,18,2.301514949566544,1.7058323999999998,1778.7513999999999
16,20,7.174842295691358,4.740754,4316.9764000000005
16,22,14.06018785362097,9.358666799999998,8262.872599999999
16,24,17.040474957755418,11.254894799999999,10958.286199999999
16,27,43.31622434562897,25.11926579999999,20075.2102
16,28,11.774640215558309,9.315093657142857,10334.317999999997
16,30,10.96943193284923,8.32367057142857,8819.444999999998
16,32,7.483508009262555,4.8580896,4498.769999999999
16,34,6.104230493016438,3.4943843999999995,3362.3489999999997
16,36,2.2104084118729728,1.3759799999999998,2156.272
16,38,5.939440192312145,3.7465523999999997,4131.748999999999
16,40,3.842581125178645,2.3074259999999995,2932.477
16,42,2.4994029960915696,0.7323924000000002,1716.0896
16,44,4.986728176253278,3.2415528,3339.6727999999994
16,46,4.39266202553763,2.6443199999999996,3069.1067999999996
16,48,5.115273775211441,3.0230783999999997,3624.9946000000004
16,50,7.817811256071905,4.971144,5380.0452000000005
16,52,12.536160949157843,7.588765199999998,7903.178199999999
16,56,35.6691246934004,20.021383999999998,16256.750199999999
16,59,44.93351479020855,26.70404479999999,20447.298199999997
16,61,13.566121769973966,11.085204057142857,9024.278999999999
16,63,9.469128838067695,5.1850666,5573.03
16,65,7.245604648364321,3.9848025999999996,4572.8099999999995
16,67,6.962491263745782,4.000769999999998,4461.191599999999
16,69,14.396822142266087,5.209917599999998,5260.603799999999
16,71,16.670663137111617,6.432755999999999,6279.635799999999
16,73,17.38026872006781,6.856792799999999,6742.2888
16,75,14.72995125225598,6.565909199999999,6572.657800000001
16,77,31.557030377475797,9.528957599999998,9989.925599999999
16,80,31.84734284827371,16.256193599999996,14353.356199999998
16,82,37.0853997763002,19.80951379999999,17471.6682
16,84,51.689021842449826,33.456849799999986,23848.8682
16,86,20.372257788658924,12.709140999999999,11843.091999999999
16,88,16.92774028290649,9.270105399999998,8977.228999999998
16,89,13.425885126230801,6.6344068,7209.851
16,91,16.909132302948038,8.542139999999998,8743.950200000001
16,93,23.249910437158523,10.3400328,9107.040799999999
16,95,17.245528516297608,9.278792,10627.308200000001
16,97,16.84568717954131,8.943964399999999,10327.317
16,99,18.317440191143465,10.436791599999998,11410.425200000001
16,101,21.279683969967955,12.223746799999999,13201.635
16,103,19.028543592060583,11.143154199999998,13045.560000000001
16,105,20.604791104938755,12.308162114285713,14510.429000000004
16,107,24.182155670843514,15.019406799999999,16923.893
16,110,23.11427589920471,14.751974685714286,16440.528000000002
16,111,20.142689393025957,11.9093624,14043.247000000007
16,113,19.81843177250101,11.674786399999999,13769.575000000003
16,116,32.63945493996802,22.54677222857143,21033.967000000004
16,117,31.34707010705864,22.692499914285712,23998.788000000004
16,119,27.565506370829393,18.920377914285712,20307.024000000005
18,0,12.269801799815703,9.770882399999998,8419.1044
18,3,4.223284632065926,3.2786256000000003,4012.562400000001
18,4,1.5444352694808494,1.2822630857142854,2400.6808
18,6,13.727716089807641,11.016478399999999,9463.093400000002
18,8,9.92594293377808,8.194610399999998,6932.659599999999
18,10,15.406505990048597,10.331258800000002,8503.888799999997
18,12,32.16240038622952,22.990009800000003,13679.01
18,14,14.87113684780467,10.950855571428573,10850.451599999997
18,16,1.7272450988203385,1.4484608000000003,2214.3212
18,20,2.895012906296103,2.1041772,2215.7038000000002
18,22,9.780358464225715,7.27506,6058.904799999999
18,24,13.103913039921741,9.568211999999999,8976.472000000002
18,27,39.379662427795296,23.667270599999995,18087.779799999997
18,28,13.887318475315434,10.45771965714286,10880.765599999999
18,30,13.082110192606354,9.466296571428572,9365.892599999997
18,32,9.7382346313617,6.453638,5868.9352
18,34,8.621547236173534,5.0899328,4117.0671999999995
18,36,4.654585029247208,2.7607952,2634.6387999999997
18,38,8.05211845206927,4.889178400000001,4678.1966
18,40,5.955259384935769,3.450052000000001,3478.9246
18,42,2.0915325130923197,0.7160684,1617.3396
18,44,0.7068987868580239,0.6563003999999998,1454.8704
18,46,4.19808860231631,3.2010472000000005,3326.2244
18,48,2.621523749686995,2.3821236,2800.6482000000005
18,50,3.88124933823823,3.2844612,3645.0044000000003
18,52,8.599599031324166,5.902082399999999,6168.1374000000005
18,56,31.73256277556673,18.5693888,14269.319799999997
18,59,40.99695287237488,25.252049599999996,18459.8678
18,61,15.678800029731091,12.22783005714286,9684.146600000002
18,63,11.58180709782482,6.327692600000001,6232.897599999999
18,65,9.358282908121446,5.1274286,5135.2208
18,67,6.662255405667516,4.6736392,4553.3844
18,69,13.616595724084652,5.520849599999999,5182.734800000001
18,71,15.94292818775116,6.8343628,6373.5203999999985
18,73,16.60004230188638,7.258399600000001,6836.1734000000015
18,75,10.793389334422304,5.149865999999999,4972.920400000001
18,77,27.62046845964212,8.0769624,8627.203399999999
18,80,27.910780930440037,14.804198399999999,12365.925799999997
18,82,33.14883785846653,18.357518599999995,15484.237799999999
18,84,47.752459924616154,32.0048546,21861.4378
18,86,22.48493604841605,13.851766999999999,12502.959599999998
18,88,19.040418542663616,10.412731399999998,9637.096599999999
18,89,15.538563385987924,7.7770328,8170.090200000001
18,91,18.632170070846094,8.9437468,8013.171799999999
18,93,21.761437544198866,9.8167412,10175.3234
18,95,19.35820677605473,10.421418,11587.3952
18,97,18.958365439298433,10.086590399999999,11287.5562
18,99,20.430118450900586,11.2752744,10412.5484
18,101,23.392362229725077,13.1493456,14161.8742
18,103,21.141221851817704,12.285780199999998,14005.799200000003
18,105,22.717469364695877,12.4984852,13526.860200000005
18,107,26.294833930600635,14.496115199999998,17884.132200000004
18,110,25.22695415896183,15.894600685714286,17400.767200000002
18,111,22.25536765278308,13.051988399999999,15003.486200000003
18,113,21.931110032258132,12.817412399999998,14729.814200000003
18,116,34.752133199725144,21.094777028571432,21994.206200000004
18,117,33.45974836681577,23.347615599999997,24959.027200000004
18,119,29.678184630586514,19.575493599999998,21267.263200000005
20,0,5.838535079082659,4.854331200000001,5792.5114
20,3,8.797816235173762,7.0303464,5984.677600000001
20,4,6.118966872588686,5.022797485714287,4348.2376
20,6,7.296449369074597,6.0999272000000015,6840.8063999999995
20,8,3.494676213045036,3.2780592000000004,3872.0121999999997
20,10,8.975239269315551,5.4998064,6005.3297999999995
20,12,25.715585762443517,18.803635800000002,10898.036000000004
20,14,18.61752628925669,13.46452037142857,13691.251199999995
20,16,6.800650666144945,4.748707200000002,5397.666600000001
20,18,3.317422320973104,2.104177200000001,2838.8378000000002
20,22,3.309066602847837,2.3647692,3795.8261999999995
20,24,6.6570984161357325,5.381838,6474.4090000000015
20,27,33.095481141050385,20.600023,15670.948199999999
20,28,17.633707916767452,12.971384457142857,13721.565200000001
20,30,16.828499634058375,11.979961371428569,12206.692199999998
20,32,13.390935486661911,8.5143804,7807.2991999999995
20,34,12.011657970415794,7.1506752,6670.878200000001
20,36,7.444319855657959,4.7562852,5123.5502
20,38,11.798507893521291,7.402843199999999,7518.9962
20,40,9.392389008393353,5.939125199999999,6109.2502
20,42,4.7451496629457415,2.9667768,3632.2932
20,44,1.715262887563092,1.0777968,2071.4244
20,46,5.894705316001684,3.7890851999999997,4317.5502
20,48,3.492607809385886,2.885324999999999,3351.0800000000004
20,50,1.1621660278353143,0.5968271999999998,2381.3378000000002
20,52,2.5965320246523875,1.7308307999999997,3539.5991999999997
20,56,25.44838148882182,15.502141199999997,11852.488200000002
20,59,34.712771585629966,22.184802,16043.036200000002
20,61,19.42518947118311,14.676495200000002,11726.245200000001
20,63,14.30479576390162,8.538020399999999,8274.9962
20,65,11.365966715210645,6.753015599999999,6787.492199999999
20,67,8.358872119352888,5.2616771999999985,5425.6648000000005
20,69,14.503595412033485,5.790436199999999,5207.8158
20,71,17.285822111570177,7.422400799999998,6961.825799999999
20,73,17.85886611716647,7.612836599999999,7255.5118
20,75,10.523447726881113,5.289210799999998,4861.649799999999
20,77,22.229702713045462,7.681200799999999,8754.1886
20,80,21.626599643695126,11.736950799999999,9949.0942
20,82,26.864656571721618,15.290271,13067.406200000001
20,84,41.468278637871244,28.937607000000003,19444.606200000002
20,86,25.207924714492847,16.0620948,14545.058199999996
20,88,21.763407208740414,12.623059199999998,11679.195199999998
20,89,17.766693547448273,9.7497308,9525.435800000001
20,91,19.97506399466511,9.298183799999999,8449.838800000001
20,93,21.364165809526497,9.538944800000001,9353.753999999997
20,95,21.58633693751508,11.976621,12428.738800000001
20,97,21.186495600758786,11.6417934,12128.899800000003
20,99,22.65824861236094,11.629711400000001,10831.886799999998
20,101,25.62049239118543,13.503782600000001,14784.4816
20,103,23.369352013278057,12.712359000000001,14657.987600000002
20,105,24.60216926734309,12.220688800000001,12030.467
20,107,26.691587068331142,14.2183188,13019.219999999998
20,110,27.455084320422184,16.321179485714286,18052.955600000005
20,111,24.48349781424343,13.478567200000002,15655.674600000004
20,113,24.159240193718485,13.243991200000002,15358.464600000001
20,116,35.14888633745565,20.699015428571432,17129.294
20,117,35.65176297198689,23.0698192,24857.359600000003
20,119,31.870199235757642,19.2976972,21165.595600000008
22,0,8.097608887761984,5.298749399999999,4949.8434
22,3,15.066049644311642,12.167277600000004,9138.1316
22,4,12.387200281726566,10.170915085714288,7657.8236000000015
22,6,9.604665377787386,6.570181399999999,6015.3624
22,8,1.4105539871836745,1.1920457999999996,1572.9281999999998
22,10,4.600589736367979,1.4327897999999994,2384.9024
22,12,21.392646139994405,17.579226600000005,7609.759000000003
22,14,24.98987039717653,17.86363517142857,16811.196999999996
22,16,13.797361631305304,9.7917396,9029.1544
22,18,10.314133286133462,7.378462799999999,6526.0692
22,20,3.5969355972746206,2.3430564,2621.195
22,24,3.5609406897657685,3.1262748,3104.6462
22,27,33.221815698351115,19.3756138,13519.2212
22,28,24.006052024687293,17.370499257142853,16841.510999999995
22,30,23.200843741978215,16.37907617142857,15326.637999999997
22,32,19.763279594581753,12.913495199999998,10927.245
22,34,18.384002078335634,11.549789999999998,9790.823999999999
22,36,13.816663963577799,9.155399999999998,8243.496
22,38,18.17085200144113,11.801957999999996,10638.942
22,40,15.764733116313192,10.338239999999999,9229.195999999996
22,42,11.117493770865579,7.365891599999999,6721.677000000001
22,44,8.173768133560527,5.5565988,5244.495000000001
22,46,12.267049423921522,8.188199999999998,7018.817999999999
22,48,8.58780088799501,6.0086784,5534.804400000001
22,50,4.455088396052785,2.7982487999999996,2859.4464
22,52,3.5749613599770815,1.4733323999999999,2193.6312
22,56,25.57471604612255,14.277732,9700.761199999999
22,59,34.839106142930696,20.9603928,13891.3092
22,61,25.79753357910295,19.075609999999998,14846.190999999997
22,63,20.67713987182146,12.937135199999997,11394.941999999997
22,65,17.738310823130483,11.152130399999997,9907.438
22,67,14.389895746175839,8.698297199999999,7864.9764
22,69,18.677927159393615,8.464792999999998,7124.219399999999
22,71,21.460153858930305,10.525765399999997,8878.229399999998
22,73,22.0331978645266,10.287193399999998,9171.9154
22,75,14.015867736548445,7.4119508000000005,6667.0144
22,77,22.35603727034619,8.732006800000002,7110.653200000001
22,80,21.752934200995856,10.5125416,7797.367199999999
22,82,26.990991129022348,14.0658618,10915.679199999999
22,84,41.59461319517197,27.7131978,17292.8792
22,86,31.580268822412684,20.461209599999997,17665.003999999997
22,88,28.13575131666025,17.022173999999996,14799.140999999994
22,89,24.13903765536811,13.943680699999996,11981.923400000001
22,91,24.149395742025238,11.972540599999999,10366.2424
22,93,24.65708817774397,11.661684800000002,10171.446399999997
22,95,27.597769854867355,14.6509778,13403.038400000001
22,97,27.19792851811106,14.3161502,12930.934400000002
22,99,27.010835620204247,14.2035376,12748.290399999998
22,101,29.995747134335982,16.0776088,14310.016399999999
22,103,28.101520695637923,15.2861852,14301.8464
22,105,27.895091635560558,14.343428800000002,12848.1594
22,107,29.98450943654861,16.341058800000003,13836.912399999997
22,110,32.18725300278206,18.895005685714285,17696.814400000003
22,111,29.215666496603298,16.0523934,15299.5334
22,113,28.89140887607835,15.817817400000001,14908.171399999997
22,116,35.894531436263435,22.180643028571435,18217.033200000005
22,117,38.94468534020436,25.192559199999998,21485.794400000002
22,119,35.16312160397511,21.4204372,17794.030399999996
24,0,11.08255163506318,8.082200800000003,7911.190999999999
24,3,21.418184464044998,14.172096800000006,13323.9645
24,4,18.739335101459922,12.561121885714284,11648.491500000002
24,6,14.09532969213033,10.131121399999998,9302.3945
24,8,5.901218301526619,4.752985799999999,4814.6225
24,10,4.473373748346643,3.38851,4235.478999999999
24,12,5.519089494232758,5.516505999999998,3604.4907500000013
24,14,30.701634996789217,19.32192077142857,19788.574249999998
24,16,19.57037894535736,11.225556000000005,12531.9255
24,18,16.159025574055903,9.673065599999997,10186.7415
24,20,9.308700196887306,5.364271199999999,6140.68
24,22,3.5617648585389534,3.193206,3487.917
24,27,16.14486827726797,16.142284000000004,11686.210999999996
24,28,29.717816624299978,18.828784857142853,19818.888249999996
24,30,28.9126083415909,17.83736177142857,18304.015249999997
24,32,25.47504419419443,14.828177199999999,14181.713500000002
24,34,24.095766677948312,13.6228464,13157.19975
24,36,19.52842856319048,11.2284564,11609.87175
24,38,23.88261660105381,13.260243599999999,13182.995749999996
24,40,21.476497715925873,11.568548400000001,12206.573249999996
24,42,16.48868533042374,9.008359200000003,9671.15475
24,44,13.88553273317321,8.099338800000002,8656.69225
24,46,17.978814023534206,10.2612564,9383.35825
24,48,13.284963598133434,7.413006000000001,8035.060749999999
24,50,9.15225110619121,4.786016399999999,5381.08075
24,52,2.6717504535635297,1.7221920000000002,2852.39975
24,56,20.13488179721347,13.704010799999999,9048.788749999998
24,59,17.763717292547952,17.643109000000003,12340.48325
24,61,31.509298178715635,20.2545788,16686.20125
24,63,25.21976034522491,14.116104,13234.952249999997
24,65,23.08513979884624,12.3824388,12149.235249999998
24,67,17.662335039712886,9.1342896,9083.44025
24,69,20.45525714982511,8.604553399999999,8739.295749999997
24,71,23.237483849361798,10.665525799999998,10586.935749999999
24,73,23.810527854958092,10.426953799999998,10504.84
24,75,14.623231318573996,7.3651376,6133.305999999999
24,77,17.52194782341666,8.158285600000001,6506.536750000001
24,80,16.313099952086777,9.9388204,7145.394749999998
24,82,21.55115688011327,13.492140600000003,10263.706749999998
24,84,24.51922434478923,24.395914,15742.053249999995
24,86,36.12288929581614,21.6401784,19505.014249999997
24,88,32.6783717900637,18.2011428,16639.151249999995
24,89,27.779600456037443,14.083441099999996,13089.14275
24,91,25.92672573245673,12.112300999999999,11439.411999999998
24,93,25.541507811446547,11.6148716,10466.097999999998
24,95,29.35981833146925,14.7907382,13681.186
24,97,28.959976994712953,14.4559106,13381.347
24,99,28.08195037010251,14.156724400000002,12813.287999999999
24,101,31.066861884234246,16.0307956,14375.014000000001
24,103,29.172635445536187,15.239372000000001,14366.844
24,105,28.779511269263136,14.2966156,13142.811
24,107,30.868929070251188,16.2942456,14131.563999999998
24,110,33.25836775268032,18.848192485714286,17761.812
24,111,30.286781246501562,16.0055802,15364.531
24,113,29.962523625976615,15.771004200000002,15090.859000000002
24,116,31.060441989333906,21.606921828571434,17612.916750000004
24,117,39.82910497390694,25.145745999999995,21780.446
24,119,36.047541237677684,21.373623999999996,18088.681999999997
27,0,37.772759309086695,26.18461660000001,18431.281000000003
27,3,39.075556591483334,28.1069354,22238.16900000001
27,4,36.3855139558561,26.603624485714285,19977.201
27,6,39.27981579911209,27.456048600000006,19496.800000000003
27,8,31.085704408508395,22.077913000000006,15009.028000000002
27,10,32.86633436037801,22.5807238,15462.660000000002
27,12,10.802240511790883,10.625778,7703.437999999999
27,14,48.023077108274805,30.893641371428576,27087.867000000006
27,16,37.036125069954515,25.122375,19814.893000000004
27,18,33.62477169865306,23.7155682,17387.160000000003
27,20,26.980890942205278,20.6167954,13791.43
27,22,27.37154967419681,19.4198914,12794.010000000002
27,24,14.210523387504622,14.170272,8373.287
27,28,47.03925873578557,30.40050545714286,27118.181000000004
27,30,46.23405045307649,29.409082371428575,25603.308000000005
27,32,42.89017489183184,26.3998978,22312.280000000006
27,34,41.51925391056377,25.311703799999993,20184.665999999997
27,36,36.95191579580593,23.279244600000006,18637.338000000003
27,38,41.20405871253941,24.831964200000005,20471.00600000001
27,40,39.073865809330925,23.140269000000004,18616.621000000006
27,42,33.67854129482546,22.945848600000005,16600.33
27,44,31.351278857770364,22.6349634,15868.940000000002
27,46,35.402301256149656,22.292740200000004,16304.243000000004
27,48,30.47540470075328,19.936377000000007,15069.815999999997
27,50,26.445015398540107,19.172208400000002,12225.455000000002
27,52,22.223223699393113,16.734647200000005,10194.154000000002
27,56,7.637049655103763,7.636920000000002,5088.619000000001
27,59,1.618849015279979,1.5008250000000003,2390.5490000000004
27,61,48.830740290201234,31.826299400000003,24190.833000000006
27,63,42.37258450262098,25.6878246,20739.584000000003
27,65,40.23796395624232,23.519404200000007,18145.592000000004
27,67,34.81515919710897,20.810287800000005,16588.072000000004
27,69,34.607061785449524,18.968697000000006,14346.953
27,71,37.82130163382475,21.029669400000007,16252.157
27,73,35.43506029137191,20.037375000000008,15042.716
27,75,26.03492404621969,16.628369400000004,12604.173000000003
27,77,20.852425301874245,14.506993800000004,10628.867000000002
27,80,6.683905952158245,6.2530230000000016,4687.766000000001
27,82,7.670047630749726,7.196294000000002,5631.037000000002
27,84,8.374356067521258,8.253630000000001,5792.119000000001
27,86,53.27571345321221,33.211899,27009.646000000008
27,88,49.831195947459776,29.772863400000002,24143.78300000001
27,89,41.43168692925829,24.447584700000007,18871.838000000003
27,91,37.843373314566676,21.023584200000005,16603.879
27,93,37.25322213176667,19.855607400000004,16523.196000000004
27,95,41.071532651789376,24.22221060000001,19738.284000000003
27,97,40.67169131503308,23.888670800000007,19438.445000000003
27,99,39.79366469042264,22.397460200000005,18870.386000000006
27,101,42.778576204554376,24.271531400000004,20432.112
27,103,40.88434976585631,23.480107800000003,20423.942000000003
27,105,40.491225589583266,22.537351400000002,19199.909
27,107,42.58064339057132,24.534981400000003,20188.662
27,110,44.970082073000434,27.088928285714285,23818.910000000003
27,111,41.99849556682168,24.246316,21421.629
27,113,41.674237946296735,24.01174,21147.957000000002
27,116,34.39091946779149,27.955630028571438,21735.247000000003
27,117,46.096181136982,33.3864818,31184.336000000003
27,119,40.75344928987314,29.6143598,26747.661000000004
28,0,25.494426730238217,21.05494262857143,20108.158499999998
28,3,17.959729560295784,13.146648628571432,13643.376499999995
28,4,15.418970360925817,13.736975714285713,14225.428749999995
28,6,26.952341020230158,22.300538628571427,21152.1475
28,8,23.150567864200596,19.368679828571423,18560.385499999997
28,10,28.63113092047111,20.87634542857143,20118.7005
28,12,44.47530720390188,31.795905628571433,24199.650499999996
28,14,3.293972884248438,2.9882535714285714,7923.657500000001
28,16,12.599920016893762,9.248517428571429,10576.530999999999
28,18,12.726899872785395,11.055270628571428,11706.851749999996
28,20,16.11963783671862,13.388237428571426,13719.237499999996
28,22,22.499247367453446,17.741308228571427,17556.347999999994
28,24,25.416819857594092,18.941787028571426,19497.112499999996
28,27,51.69256924546764,30.56679722857142,28542.454999999994
28,30,0.0478199999999999,0.0478199999999999,5210.75425
28,32,2.5209468459052227,2.5130854285714284,5941.137000000001
28,34,6.119747873482382,6.0548400285714274,7980.576499999999
28,36,9.385871875773775,7.822778228571428,9388.414999999999
28,38,5.167834724788628,5.157530428571427,7320.166249999999
28,40,7.556171869556365,6.835866628571427,8803.68825
28,42,10.875747895930239,9.669028628571429,10730.339499999998
28,44,13.751356304282957,11.624194228571426,12620.806999999995
28,46,9.212828933426124,8.081116228571426,9885.484250000001
28,48,13.436856570449201,10.756416628571428,11638.466
28,50,16.194156155910576,13.390753828571428,14219.043499999998
28,52,20.912505848996513,15.275657428571426,16442.004499999995
28,56,44.04546959323907,25.468915428571428,24723.994999999995
28,59,53.30985969004722,32.15157622857142,28914.542999999998
28,61,1.7914815544156575,1.7701104,3698.52725
28,63,3.6196749364841816,3.5967696,6668.921249999999
28,65,8.49379670794663,7.868996699999999,8955.06325
28,67,11.011881681804518,9.315642628571426,10469.84825
28,69,14.107055168324324,10.657449028571426,15576.944749999999
28,71,9.96159882058526,8.2410176,13189.719749999998
28,73,12.777508511633481,10.269514399999998,14880.133749999999
28,75,15.211588703783425,12.013440628571429,14249.67625
28,77,31.796309290126246,14.976489028571427,20687.980750000002
28,80,40.223687748112376,21.703725028571426,22820.600999999995
28,82,45.46174467613887,25.25704522857142,25938.912999999997
28,84,60.0653667422885,38.90438122857142,32316.112999999994
28,86,11.172191069689575,10.786305600000002,12278.465249999997
28,88,7.727673563937141,7.347270000000002,9412.60225
28,89,6.461878114560913,6.0784336,11389.431749999998
28,91,10.072339194609121,8.343237199999999,13274.90275
28,93,15.959152799028642,14.688781999999998,21654.744750000005
28,95,8.47000205254465,8.2685132,14500.360749999998
28,97,8.070160715788354,7.9336856,14200.52175
28,99,9.541913727390508,9.4265128,15741.49375
28,101,12.504157506215005,11.213468,17074.839750000003
28,103,10.253017128307626,10.1328754,16918.764750000002
28,105,11.829264641185793,11.297883314285714,18383.633750000005
28,107,15.406629207090553,14.194040114285713,20797.097750000004
28,110,14.338749435451751,13.741695885714288,20313.73275
28,111,11.367162929272999,10.8990836,17916.451750000004
28,113,11.042905308748052,10.6645076,17642.77975
28,116,23.863928476215058,22.389025714285715,24907.171750000005
28,117,22.571543643305677,21.682221114285714,27871.992750000005
28,119,18.78997990707643,17.910099114285714,24180.228750000002
30,0,24.29066750143703,19.573475657142858,17381.652999999995
30,3,16.7559703314946,11.94413805714286,11186.069999999998
30,4,14.215211132124631,12.53446514285714,11525.262999999999
30,6,25.748581791428972,20.819071657142857,18425.641999999996
30,8,21.94680863539941,17.887212857142856,15851.986999999994
30,10,27.427371691669926,19.394878457142855,17410.301999999996
30,12,43.27154797510069,30.593395057142864,21926.112999999994
30,14,1.7890266551983167,1.484559,2037.234333333333
30,16,11.396160788092573,8.046006857142856,7843.209333333332
30,18,11.52314064398421,9.852760057142856,9006.685999999998
30,20,14.915878607917437,11.906770457142855,10992.731999999996
30,22,21.29548813865226,16.259841257142856,14965.317999999994
30,24,24.213060628792906,17.739276457142857,17223.574999999993
30,27,50.48881001666645,29.364286657142852,26340.498999999993
30,28,0.513944939799824,0.453304,1525.7266666666667
30,32,1.3171876171040355,1.310574857142857,1826.6899999999998
30,34,4.908401331934524,4.651412399999999,4924.749666666666
30,36,8.18211264697259,6.620267657142857,6655.093333333333
30,38,3.964075495987441,3.955019857142856,4554.426999999999
30,40,6.352412640755177,5.633356057142856,6044.339999999999
30,42,9.671988667129053,8.466518057142856,8113.041
30,44,12.547597075481772,10.142727257142855,10085.716999999997
30,46,8.009069704624938,6.878605657142857,7082.047999999999
30,48,12.233097341648016,9.553906057142857,9090.599999999999
30,50,14.99039692710939,12.188243257142858,11645.333999999997
30,52,19.708746620195328,14.073146857142856,14168.466999999997
30,56,42.84171036443788,24.26640485714286,22522.038999999993
30,59,52.10610046124603,30.949065657142853,26712.586999999996
30,61,2.3054264942154816,2.2234144000000002,4475.910666666666
30,63,4.133619876284006,4.0500736,7520.342666666666
30,65,9.007741647746455,7.6187666571428565,8040.719
30,67,9.808122453003326,8.113132057142856,8110.82
30,69,14.621000108124148,9.454938457142855,15083.077666666664
30,71,10.475543760385085,8.694321600000002,12695.852666666666
30,73,13.291453451433306,10.722818400000001,14386.266666666665
30,75,15.72553364358325,10.810930057142858,12261.747999999998
30,77,32.31025422992607,13.773978457142857,20194.11366666667
30,80,39.019928519311186,20.501214457142858,20618.644999999993
30,82,44.25798544733768,24.054534657142852,23736.956999999995
30,84,58.86160751348731,37.70187065714285,30114.156999999996
30,86,14.392985354270717,12.5580979,12204.801000000001
30,88,10.948467848518282,9.1190623,9338.938000000002
30,89,6.975823054360737,6.5317376000000005,10895.564666666665
30,91,10.586284134408945,8.796541200000002,12781.035666666665
30,93,16.473097738828468,14.585053657142854,21160.87766666667
30,95,8.983946992344475,8.7218172,14006.493666666667
30,97,8.58410565558818,8.3869896,13706.654666666667
30,99,10.055858667190336,9.879816799999999,15247.626666666669
30,101,13.018102446014833,11.666772,16580.97266666667
30,103,10.766962068107453,10.586179399999999,16424.897666666668
30,105,12.34320958098562,11.751187314285714,17889.766666666666
30,107,15.920574146890381,14.647344114285712,20303.23066666667
30,110,14.852694375251579,14.194999885714287,19819.865666666665
30,111,11.881107869072826,11.3523876,17422.584666666666
30,113,11.55685024854788,11.1178116,17148.912666666667
30,116,24.377873416014886,22.842329714285714,24413.304666666674
30,117,23.085488583105505,22.135525114285713,27378.12566666667
30,119,19.303924846876257,18.363403114285713,23686.361666666668
32,0,21.162289927118096,16.210815599999997,14750.964666666665
32,3,12.757118455132494,8.581477999999999,8083.502333333333
32,4,11.245132375412645,9.434940285714283,8811.396
32,6,22.620204217110036,17.4564116,15794.953666666668
32,8,18.818431061080474,14.524552799999997,13262.780999999997
32,10,24.253979593536986,16.032218399999998,14821.095999999998
32,12,40.3014692183887,27.6486474,19212.245999999996
32,14,4.229069086133164,3.1242438,5461.94
32,16,6.833150159862647,4.6833468,5072.437666666666
32,18,8.553061887272223,6.753235199999999,6292.8189999999995
32,20,11.7875010335985,8.5441104,8362.043666666665
32,22,18.112950304594236,12.897181199999997,12219.620666666664
32,24,21.242981872080918,14.7945288,14509.707999999997
32,27,47.518731259954464,26.41953899999999,23626.631999999998
32,28,3.3421063233530344,2.7111945999999993,5494.178666666667
32,30,2.440042430934847,1.6396848,3977.381
32,34,0.1904454771923056,0.1863504,2019.0893333333327
32,36,3.6235420356233954,3.2576076,3884.3216666666663
32,38,1.3326411097589816,1.0841720000000004,2185.044999999999
32,40,3.61407626419305,2.6886084000000006,3652.282666666666
32,42,6.701909910417068,5.3234015999999995,5288.684333333333
32,44,9.365059241423745,6.7800671999999995,7267.354999999999
32,46,5.216481365534492,3.9338580000000003,4555.570666666666
32,48,9.317780689536939,6.609158399999999,6648.43
32,50,12.020318170397404,8.961324,8931.466999999999
32,52,16.73866786348334,11.128399199999999,11454.599999999997
32,56,39.871631607725895,21.321657199999997,19808.171999999995
32,59,49.136021704534045,28.00431799999999,23998.719999999998
32,61,5.133587877768692,4.481304999999999,8444.362666666666
32,63,6.961781259837216,4.9007819999999995,5292.603666666666
32,65,6.422140357374571,4.0431707999999995,5005.927333333333
32,67,7.0697860764412015,5.168384400000001,5612.8769999999995
32,69,15.27234374865474,6.510190799999999,6713.732333333331
32,71,13.303705143938295,7.7330292,9511.736333333332
32,73,16.119614834986518,8.157066000000002,10383.642999999998
32,75,18.5502385172522,7.8661824000000005,8619.921333333334
32,77,33.15691998111424,10.8292308,14248.732666666665
32,80,36.0498497625992,17.556466799999995,17904.777999999995
32,82,41.2879066906257,21.10978699999999,21023.09
32,84,55.89152875677532,34.75712299999999,27400.289999999997
32,86,15.141597682885507,12.4248564,14717.844000000003
32,88,11.697080177133072,8.985820799999999,11851.981000000002
32,89,9.803984437913948,6.692775,11918.38833333333
32,91,13.414445517962156,8.9347638,13798.143666666663
32,93,19.30125912238167,11.640306000000002,19526.03033333334
32,95,11.812108375897687,9.3371602,17974.945666666667
32,97,11.41226703914139,9.002332599999999,17675.10666666667
32,99,12.884020050743544,10.495159799999998,19216.078666666668
32,101,15.846263829568041,12.282115,20549.42466666667
32,103,13.595123451660662,11.201522399999998,20393.349666666672
32,105,15.171370964538829,12.366530314285713,21858.218666666668
32,107,18.748735530443586,15.262687114285711,24271.68266666667
32,110,17.680855758804785,14.810342885714286,23788.317666666666
32,111,14.709269252626035,11.9677306,21391.036666666667
32,113,14.385011632101088,11.733154599999999,21117.364666666672
32,116,27.206034799568094,23.45767271428571,28381.75666666667
32,117,25.913649966658713,22.750868114285712,31346.577666666675
32,119,22.132086230429465,18.978746114285713,27654.813666666672
34,0,19.788706408426286,14.848993199999997,12232.947333333332
34,3,11.383534936440684,7.219655599999999,5593.163333333333
34,4,9.871548856720835,8.073117885714286,6127.021333333333
34,6,21.246620698418226,16.094589199999998,13276.936333333333
34,8,17.444847542388665,13.1627304,10827.728333333333
34,10,22.880396074845176,14.670396,12386.043333333333
34,12,38.9278856996969,26.549481,16527.87133333333
34,14,7.270273056318612,6.131107799999999,5941.158666666667
34,16,5.459566641170838,3.3215244000000004,2626.7233333333334
34,18,7.179478368580414,5.3914127999999995,3608.444333333333
34,20,10.413917514906691,7.182287999999999,5844.026333333334
34,22,16.739366785902426,11.5353588,9471.585333333334
34,24,19.869398353389112,13.695362399999997,11825.333333333328
34,27,46.145147741262655,25.32037259999999,20942.25733333333
34,28,6.370613386735213,5.718058599999999,6982.885666666668
34,30,5.481246401120296,4.646548799999999,4456.599666666666
34,32,0.19698832171310723,0.1814868,735.7146666666667
34,36,2.249958516931586,1.8957851999999997,1438.6073333333331
34,38,1.142195632566676,0.8978216000000001,1181.6756666666665
34,40,2.847933278757752,2.3964503999999995,1755.1806666666664
34,42,5.328326391725258,3.9615791999999996,2714.799333333333
34,44,7.991475722731936,5.4182448,4373.990333333333
34,46,3.842897846842683,2.8733075999999995,2319.921
34,48,7.944197170845131,5.509991999999998,4507.449333333333
34,50,10.646734651705597,7.5995016,6247.092333333331
34,52,15.365084344791534,10.029232799999996,8770.22533333333
34,56,38.498048089034086,20.222490799999996,17123.797333333332
34,59,47.762438185842235,26.90515159999999,21314.34533333333
34,61,8.16209494115087,7.488168999999999,9844.68366666667
34,63,6.179939752803793,3.5389595999999997,3132.427333333333
34,65,5.048556838682761,2.681348399999999,2417.751333333333
34,67,5.967843417324889,4.201876799999999,3360.3503333333333
34,69,13.89876022996293,5.411024399999998,4387.506333333332
34,71,14.300646054119289,6.633862799999998,5406.538333333333
34,73,16.882206807764657,7.057899599999999,5869.191333333333
34,75,17.17665499856039,6.767015999999999,6293.695333333334
34,77,31.783336462422433,9.730064399999998,8797.625666666667
34,80,34.67626624390739,16.457300399999994,15220.40333333333
34,82,39.91432317193389,20.01062059999999,18338.71533333333
34,84,54.51794523808351,33.65795659999999,24715.915333333327
34,86,17.083068703395025,11.063033999999998,10856.969333333334
34,88,13.638551197642588,7.623998399999998,7991.106333333333
34,89,11.055868043238474,5.330952599999999,5054.792333333334
34,91,14.539115219955711,7.5729413999999995,6923.1163333333325
34,93,22.329766185763855,10.5411396,8233.943333333335
34,95,14.840615439279865,7.975337799999998,11734.738666666666
34,97,14.44077410252357,7.640510199999999,11434.899666666666
34,99,15.912527114125723,9.133337399999998,12975.871666666666
34,101,18.874770892950217,10.9202926,14309.217666666666
34,103,16.62363051504284,9.839699999999999,14153.142666666667
34,105,18.199878027921013,11.004707914285714,15618.011666666667
34,107,21.777242593825772,13.900864714285714,18031.47566666667
34,110,20.709362822186968,13.448520485714287,17548.110666666667
34,111,17.737776316008215,10.6059082,15150.829666666667
34,113,17.41351869548327,10.3713322,14877.157666666668
34,116,30.23454186295028,22.095850314285716,22141.54966666667
34,117,28.9421570300409,21.38904571428571,25106.37066666667
34,119,25.16059329381165,17.61692371428571,21414.60666666667
36,0,16.108554854464444,12.443632799999998,10370.391249999997
36,3,8.5291932818061,5.1238212,4234.324
36,4,6.033098485152039,5.512835085714286,4725.821249999999
36,6,17.56646914445638,13.689228799999999,11414.380249999998
36,8,13.764695988426823,10.757369999999998,8902.94875
36,10,19.245259044697338,12.265035600000001,10461.26375
36,12,35.0894353281281,24.5347242,14762.38925
36,14,10.151890200865243,8.20963037142857,8696.0425
36,16,2.6052249865362542,1.3893564,1393.8185000000003
36,18,3.3410279970116195,2.83113,2207.2442499999997
36,20,6.7337659609448455,4.776927599999999,3981.4702500000003
36,22,13.113375491679674,9.129998399999998,7781.54275
36,24,16.03094798182031,11.535303599999999,10059.85125
36,27,42.30669736969386,23.305615799999995,19200.69675
36,28,9.168071828376005,7.716494457142856,8726.356500000002
36,30,8.362863545666926,6.72507137142857,7211.4835
36,32,4.876939622080251,3.2594903999999993,3148.22025
36,34,3.4976621058341335,1.8957851999999997,1777.0149999999999
36,38,3.332871805129841,2.1479532,2523.7875
36,40,1.2360127379963406,0.7088267999999999,1324.5155
36,42,1.489876020156463,1.444888,1199.66275
36,44,4.365484428509181,3.0128844,2792.9447499999997
36,46,1.5929393299110972,0.7081092,1354.77325
36,48,4.105746799276335,3.2561268000000005,2548.4522500000003
36,50,6.808284280136799,5.1941412,4481.610250000001
36,52,11.526633973222737,7.869173999999998,7004.7432499999995
36,56,34.659597717465296,18.207734,15382.236749999996
36,59,43.92398781427344,24.890394799999996,19572.784750000003
36,61,10.959553382791663,9.486604857142856,7416.317500000001
36,63,6.862560450885392,3.5864673999999996,3965.0684999999994
36,65,4.639036261182016,2.3862034,2964.8485
36,67,4.135248353204801,2.3060915999999994,2655.0065
36,69,11.625021421505487,3.396267599999999,3515.4794999999995
36,71,13.951353885171997,4.6191059999999995,4534.5115000000005
36,73,14.608467999307214,5.043142799999997,4997.1645
36,75,13.720424276320873,4.752259199999998,5094.356
36,77,29.509597653964995,7.715307599999998,7859.831999999999
36,80,30.837815872338602,14.442543599999999,13478.842749999996
36,82,36.07587280036509,17.995863799999995,16597.154749999998
36,84,50.679494866514716,31.643199799999994,22974.35475
36,86,17.765689401476624,11.1105418,10235.1305
36,88,14.321171895724188,7.671506199999998,7369.267499999999
36,89,10.819316739048498,5.035807599999999,5601.889499999999
36,91,14.302563915765734,6.728489999999998,6855.53
36,93,20.478109716397924,8.526382799999999,7361.916499999999
36,95,14.638960129115304,7.680192799999999,9019.194499999998
36,97,14.239118792359008,7.345365199999999,8719.355499999998
36,99,15.710871803961162,8.838192399999999,9336.5465
36,101,18.67311558278566,10.6251476,11593.673499999999
36,103,16.42197520487828,9.544554999999999,11437.598500000002
36,105,17.99822271775645,10.709562914285714,12902.4675
36,107,21.57558728366121,13.205756799999998,15315.9315
36,110,20.507707512022407,13.153375485714287,14832.566500000003
36,111,17.536121005843654,10.3107632,12435.285500000002
36,113,17.211863385318708,10.0761872,12161.613500000001
36,116,30.03288655278572,20.733122228571432,19426.0055
36,117,28.740501719876338,21.093900714285713,22390.826500000003
36,119,24.95893798364709,17.321778714285713,18699.0625
38,0,19.79092450297455,15.085584399999997,12474.207249999998
38,3,12.25622733303212,7.456246799999999,6278.62425
38,4,9.715468133662155,8.046573885714285,6617.81725
38,6,21.24883879296649,16.331180399999997,13518.196249999999
38,8,17.44706563693693,13.399321599999999,10944.541250000002
38,10,22.927628693207446,14.9069872,12502.85625
38,12,38.771804976638215,26.1055038,16752.329499999996
38,14,6.319138116991442,5.577269371428572,7207.97025
38,16,6.896417789630098,3.5581156,3178.3102500000005
38,18,7.023397645521732,5.364868799999999,4099.24025
38,20,10.416135609454958,7.418879199999998,6085.286250000001
38,22,16.795745140189787,11.771949999999999,10057.872250000002
38,24,19.71331763033043,13.251385199999998,12049.791499999996
38,27,45.989067018203976,24.87639539999999,21005.62175
38,28,5.335319744502204,5.084133457142857,7162.043750000002
38,30,4.530111461793125,4.092710371428572,5723.411250000001
38,32,1.079333910214803,1.009626,1859.98225
38,34,0.9519131486937527,0.8973095999999999,1244.97325
38,36,3.6823696485101136,2.1323764,1990.1942499999996
38,40,1.8526696422927014,1.1454648,1255.25925
38,42,5.1722456686665765,3.9786268,3205.5952500000003
38,44,8.047854077019297,5.6548359999999995,5178.271250000001
38,46,3.5093267061624616,2.3907144,2164.61975
38,48,7.733354343185538,5.066014799999999,4173.1717499999995
38,50,10.490653928646914,7.700351999999999,6737.88825
38,52,15.209003621732851,9.585255599999996,8994.683499999997
38,56,38.34196736597541,19.778513599999997,17187.16175
38,59,47.606357462783556,26.46117439999999,21377.709749999998
38,61,7.1268012989178615,6.854243857142858,6805.103750000001
38,63,2.593614311353812,1.288542,2698.29975
38,65,1.4622313972327812,0.4309308,1827.2172500000001
38,67,5.308379454540852,3.084853200000001,3017.5360000000005
38,69,13.682906059933595,4.967047199999999,4423.982249999999
38,71,10.71432061266931,5.220304200000002,5045.831249999999
38,73,13.637694167154041,6.6139224,6122.364750000001
38,75,16.96080082853106,6.3230388,6511.189
38,77,31.5674822923931,9.286087199999999,8986.622
38,80,34.52018552084871,16.013323199999995,15283.767749999997
38,82,39.75824244887521,19.56664339999999,18402.079749999997
38,84,54.361864515024834,33.213979399999985,24779.27975
38,86,13.496743261945042,8.8126164,11579.715250000001
38,88,10.052225756192607,5.373580799999999,8713.85225
38,89,7.469542601788493,3.0805350000000007,6729.5427500000005
38,91,10.952789778505732,5.322523800000001,8602.1535
38,93,18.778336738339288,10.0971624,11008.37925
38,95,11.289185991855298,5.7249202,12514.605749999999
38,97,10.889344655099004,5.3900926,12214.766749999999
38,99,12.36109766670116,6.8829198,13755.73875
38,101,15.323341445525656,8.669875,15089.084750000002
38,103,13.072201067618277,7.5892824,14933.00975
38,105,14.648448580496444,8.754290314285715,16397.87875
38,107,18.225813146401205,11.650447114285715,18811.342750000003
38,110,17.1579333747624,11.198102885714288,18327.977750000002
38,111,14.18634686858365,8.355490600000001,15930.69675
38,113,13.862089248058703,8.1209146,15657.02475
38,116,26.683112415525713,19.845432714285717,22921.416750000004
38,117,25.39072758261633,19.138628114285716,25886.23775
38,119,21.60916384638708,15.366506114285714,22194.47375
40,0,17.220942053189635,13.502775599999998,11238.638749999998
40,3,9.6862448832472,5.873438,5043.0557499999995
40,4,7.145485683877234,6.463765085714286,5382.248750000001
40,6,18.67885634318157,14.748371599999999,12282.62775
40,8,14.877083187152014,11.816512799999998,9725.5825
40,10,20.35764624342253,13.324178400000001,11283.897500000001
40,12,36.20182252685329,24.3958722,14970.496750000002
40,14,8.915877462868899,7.500803571428571,7707.117750000001
40,16,4.326435339845178,1.9753068000000003,1942.7417500000001
40,18,4.453415195736812,3.7820600000000004,2863.6717500000004
40,20,7.846153159670038,5.836070399999999,4849.71775
40,22,14.225762690404867,10.1891412,8721.545000000002
40,24,17.143335180545503,11.541753599999998,10267.95875
40,27,43.41908456841906,23.166763799999995,19379.677249999993
40,28,7.9320590903796635,7.007667657142856,7737.431750000002
40,30,7.126850807670583,6.016244571428571,6222.558750000001
40,32,3.78297524642593,3.00706,2626.6505
40,34,3.0077311972655165,2.0093424,1411.84475
40,36,1.112387198725193,0.5495675999999999,754.62575
40,38,2.0968590671335,1.4391264000000001,1534.86275
40,42,2.6022632188816557,2.3958180000000002,1970.02675
40,44,5.477871627234374,4.0720272,3873.18075
40,46,1.0457406298835563,0.6810828,914.71625
40,48,5.2181339980015276,3.3563831999999993,2984.6902499999997
40,50,7.920671478861991,5.990720399999999,4689.71775
40,52,12.639021171947928,7.8756239999999975,7212.85075
40,56,35.77198491619049,18.068882,15561.217249999998
40,59,45.03637501299864,24.751542799999996,19751.765249999997
40,61,9.723540644795321,8.777778057142857,6427.392750000001
40,63,5.626547712889052,2.8776406,2976.14375
40,65,3.127906762880487,1.6773765999999999,1944.4575
40,67,2.8447933782619463,1.9156092,1963.0805
40,69,11.219319983654687,3.257415599999999,3073.1482499999997
40,71,12.773411605998932,4.4802539999999995,4092.1802500000003
40,73,14.202766561456414,4.904290799999997,4554.83325
40,75,14.49721475225215,4.613407199999998,4979.3372500000005
40,77,29.103896216114194,7.576455599999998,7448.54425
40,80,31.950203071063797,14.303691599999999,13657.823249999996
40,82,37.18825999909029,17.857011799999995,16776.13525
40,84,51.79188206523992,31.504347799999994,23153.33525
40,86,16.529676663480284,10.401715,9246.205750000001
40,88,13.085159157727848,6.962679399999999,6380.34275
40,89,9.528633595118116,4.3269808,4635.412
40,91,13.011880771835353,6.568969600000001,6503.736
40,93,20.072408278547123,8.387530799999999,6919.58525
40,95,13.34827698518492,6.971366,8052.717000000001
40,97,12.948435648428626,6.6365384,7752.878000000001
40,99,14.420188660030782,8.1293656,9293.85
40,101,17.38243243885528,9.9163208,10627.196
40,103,15.1312920609479,8.8357282,10471.121000000001
40,105,16.707539573826068,10.000736114285715,11935.99
40,107,20.284904139730827,12.896892914285715,14349.454
40,110,19.217024368092023,12.444548685714288,13866.089000000002
40,111,16.24543786191327,9.601936400000001,11468.808000000005
40,113,15.921180241388326,9.3673604,11195.136000000002
40,116,28.74220340885533,20.594270228571432,18459.528
40,117,27.449818575945955,20.385073914285712,21424.349000000002
40,119,23.668254839716706,16.612951914285713,17732.585
42,0,12.994350003399969,10.411148399999997,9013.048749999998
42,3,7.0839816643655436,3.678933200000001,4859.2654999999995
42,4,4.5432224649955755,4.067947085714285,4548.41825
42,6,14.452264293391908,11.656744399999997,10057.03775
42,8,10.650491137362346,8.7248856,7576.718
42,10,16.086039669818852,10.232551200000001,9135.033
42,12,31.96492007064978,22.479599600000007,13165.773250000002
42,14,12.839040693136411,10.279167971428574,10817.359499999999
42,16,1.8202796619997532,0.7323924000000004,2406.42
42,18,1.8511519768551559,1.3862419999999998,2011.97525
42,20,3.6195611098803697,2.7444432,2624.1277500000006
42,22,9.945010380876104,7.097514,6337.943499999999
42,24,12.906432724341997,9.093392399999999,8463.235250000002
42,27,39.18218211221556,23.192451,17644.849749999998
42,28,11.855222320647174,9.78603205714286,10847.673499999999
42,30,11.050014037938094,8.794608971428573,9332.8005
42,32,7.706138476693439,5.7819503999999995,5764.681249999999
42,34,6.718911350761366,4.418245199999999,3864.16175
42,36,2.6224888745789476,2.0891076,2399.65375
42,38,6.020022297401009,4.217490800000001,4645.1044999999995
42,40,3.9231632302675084,2.7783644000000005,3323.1567500000006
42,44,1.197119317705613,0.9804,1294.847
42,46,1.725964382295024,1.2528971999999998,2174.2332499999998
42,48,0.9812315417980229,0.8615759999999998,1778.6779999999999
42,50,3.683769022658486,2.8096415999999995,2884.9942499999997
42,52,8.402118715744422,5.4272627999999985,5408.1272500000005
42,56,31.535082459986988,18.0945692,13826.389749999998
42,59,40.79947255679514,24.77723,18016.93775
42,61,13.646703875062832,11.55614245714286,9177.555250000001
42,63,9.549710943156558,5.656005,5726.30625
42,65,7.197225781503986,4.2168275999999985,4356.93575
42,67,4.19013118564623,2.7254891999999997,3401.3932499999996
42,69,11.144471504063366,3.6633743999999995,4025.3432499999994
42,71,13.470803967729875,4.8862128,5228.11975
42,73,14.127918081865094,5.3102496,5648.531000000001
42,75,10.595909018842562,4.675046399999999,4395.759249999999
42,77,27.422988144062373,7.6021428,7931.883749999999
42,80,27.713300614860295,14.3293788,11922.995749999996
42,82,32.95135754288679,17.882699,15041.307749999998
42,84,47.554979609036415,31.530035,21418.50775
42,86,20.45283989374779,13.1800794,11996.368249999998
42,88,17.008322387995356,9.7410438,9130.50525
42,89,13.506467231319665,7.1053451999999995,7155.71725
42,91,16.160045850824808,6.9955968,6810.90675
42,93,19.997559798955802,8.793489600000001,8015.324999999999
42,95,17.32611062138647,9.674034,10573.02225
42,97,16.926269284630173,9.3392064,10273.18325
42,99,18.398022296232327,9.3271244,9224.905999999999
42,101,21.360266075056817,11.2011956,13147.501250000001
42,103,19.109125697149445,10.409772,12991.426250000004
42,105,20.685373210027617,11.475233600000001,11368.835250000002
42,107,24.262737775932376,13.4728636,15462.022
42,110,23.19485800429357,14.018592485714288,16386.39425
42,111,20.22327149811482,11.175980200000001,13989.113250000004
42,113,19.899013877589873,10.941404200000001,13715.441250000003
42,116,32.720037045056884,20.619957428571432,19572.096
42,117,31.427652212147503,21.959117714285714,23944.654250000007
42,119,27.646088475918255,18.186995714285715,20252.890250000004
44,0,11.122553172531118,8.839298399999999,8010.8704
44,3,6.342563053003548,5.5512624,6138.356200000001
44,4,3.65252041737632,3.5437134857142856,3877.3882
44,6,12.580467462523057,10.0848944,9054.8594
44,8,8.778694306493495,7.073348399999999,6503.216399999999
44,10,14.128081700872405,8.581014,8061.5314
44,12,30.292932426252,21.4277802,12003.7684
44,14,15.796054451125876,11.837572771428572,11563.842199999996
44,16,4.30313153147473,3.2696232000000007,3715.0802000000003
44,18,0.8917781601732729,0.6556571999999998,1287.3472000000002
44,20,1.747764279011518,1.1725932,1621.9494
44,22,7.987052411929655,5.4459767999999995,5330.2034
44,24,11.234445079944217,8.005982399999997,7301.2304
44,27,37.64952764759794,22.105041000000003,16502.522000000004
44,28,14.812236078636639,11.344436857142858,11594.156200000001
44,30,14.00702779592756,10.353013771428571,10079.283199999996
44,32,10.569463648531096,6.887432800000001,5679.8902
44,34,9.190186132284978,5.523727600000001,4543.4692
44,36,4.622848017527144,3.1293376000000004,2996.1412
44,38,8.977036055390474,5.775895599999999,5391.5872
44,40,6.570917170262536,4.3121776,3981.8412
44,42,1.9236778248149267,1.3398292,1499.336
44,46,3.0732334778708683,2.1621376000000003,2190.1412
44,48,0.9589817111343347,0.8198939999999999,1430.643
44,50,2.0117813782607064,1.5101196,1722.9894
44,52,6.730131071346642,4.339852799999998,4246.1224
44,56,30.002427995369374,17.0071592,12684.062000000002
44,59,39.26681809217752,23.689820000000005,16874.609999999997
44,61,16.603717633052295,13.0495476,9598.836200000002
44,63,11.483323925770804,6.911072799999999,6147.5872
44,65,8.54449487707983,5.126067999999999,4660.0832
44,67,5.537400281222075,3.6161004,3417.3012000000003
44,69,12.49174059963921,3.9586199999999994,3633.4796
44,71,14.818073063305718,5.706970800000001,5247.982
44,73,15.475187177440937,5.781020399999999,5643.048200000002
44,75,9.120916798326114,3.5876363999999996,3324.3265999999994
44,77,25.89033367944476,6.5147328,6789.556
44,80,26.18064615024268,13.241968800000002,10780.668
44,82,31.41870307826917,16.795289000000004,13898.98
44,84,46.0223251444188,30.442625000000003,20276.18
44,86,22.386452876362032,14.4351472,12417.649199999996
44,88,18.9419353706096,10.996111599999997,9551.786199999999
44,89,14.945221709317456,8.1227832,7512.778199999999
44,91,17.50731494640065,7.4663676,6735.995000000001
44,93,20.031302764001506,8.254511599999999,8337.675999999998
44,95,18.764865099384263,10.144804800000001,10930.083199999997
44,97,18.365023762627967,9.8099772,10630.244199999997
44,99,19.83677677423012,9.7978952,9219.4232
44,101,22.79902055305461,11.671966399999999,13504.5622
44,103,20.547880175147238,10.880542799999999,13348.4872
44,105,22.12412768802541,10.936255599999999,11014.389
44,107,25.358724022806147,12.933885599999998,13868.8984
44,110,24.633612482291365,14.489363285714287,16743.455200000004
44,111,21.662025976112613,11.646751,14346.174200000003
44,113,21.337768355587666,11.412175,14072.502200000003
44,116,33.816023291930655,19.532547428571434,17978.9724
44,117,32.8664066901453,21.785386,24301.715200000002
44,119,29.08484295391605,18.013264,20609.9512
46,0,14.5009965253733,11.521218,10137.329599999997
46,3,9.371738772883404,5.7948908,5428.5076
46,4,6.830979573513437,6.183904685714285,5769.0316
46,6,15.958910815365238,12.766814,11181.318599999999
46,8,12.157137659335676,9.8349552,8613.9856
46,10,17.592686191792183,11.342620800000002,10172.300599999999
46,12,33.25719309365365,22.4145198,13374.202000000001
46,14,10.477263873483796,8.42693357142857,9187.612400000002
46,16,4.108036770517613,2.6556672,2797.5647999999997
46,18,4.138909085373015,3.5021996,3095.9498
46,20,5.126207631853699,3.8545128,3748.408600000001
46,22,11.451656902849432,8.2075836,7257.842599999999
46,24,14.198705747345864,9.560401199999998,8671.664
46,27,40.45802199461938,21.185411400000003,17627.8166
46,28,9.493445500994559,7.933797657142856,9217.9264
46,30,8.68823721828548,6.94237457142857,7703.0534
46,32,5.344361657040824,3.9331899999999993,3984.423
46,34,4.9543679640201255,2.8449959999999996,2662.9254
46,36,1.2662233624551142,0.7081091999999999,1184.9661999999998
46,38,3.6582454777483946,2.3652564,3015.3574
46,40,1.2521265926204557,0.6735611999999999,1647.7062
46,42,0.7266243434957738,0.6338039999999998,1231.1352
46,44,2.7037658396789404,2.0904695999999996,2296.2708000000002
46,48,1.9741208717698924,1.3750307999999998,1383.4976
46,50,4.976042045662353,4.009367999999999,3093.423
46,52,9.694391738748289,5.894271599999999,5616.556
46,56,32.81092234239081,16.0875296,13809.3566
46,59,42.07531243919896,22.770190400000004,17999.9046
46,61,11.284927055410217,9.703908057142856,7393.036000000002
46,63,7.187934123503947,3.8037705999999996,3941.7870000000003
46,65,4.293806484809002,2.6035066,2571.8278
46,67,0.5693313630509657,0.33817799999999987,1062.8781999999999
46,69,7.523671681468102,1.2760631999999998,1909.1925999999999
46,71,9.850004145134609,2.4989015999999995,2928.2246000000005
46,73,10.507118259269829,2.922938399999999,3390.877599999999
46,75,10.801566450065565,2.6320547999999993,3815.3815999999997
46,77,25.408247913927607,5.5951032,6284.5886
46,80,28.98914049726412,12.322339200000002,11905.962599999995
46,82,34.22719742529061,15.875659400000004,15024.274599999999
46,84,48.83081949144024,29.522995400000003,21401.474599999998
46,86,18.091063074095178,11.327845,10211.848999999998
46,88,14.646545568342743,7.888809399999998,7345.986
46,89,10.69453331704663,5.253110799999999,5367.3066
46,91,12.539246028229542,4.6082856,4492.056799999999
46,93,16.37675997636054,6.4061784,5755.6296
46,95,14.514176707113435,7.2867228,8784.6116
46,97,14.114335370357141,6.9518952,8357.190200000001
46,99,15.484756014947475,6.9398132,6967.252600000002
46,101,18.469667529079214,8.8138844,10052.4636
46,103,16.297191782876414,8.0224608,9973.930400000001
46,105,17.873439295754586,9.0879224,9170.3652
46,107,21.450803861659345,11.0855524,13767.4468
46,110,20.38292409002054,11.631281285714287,13879.691000000006
46,111,17.41133758384179,8.788669,11482.410000000003
46,113,17.087079963316842,8.554093,11208.738000000003
46,116,29.90810313078385,18.612917828571433,17877.5208
46,117,28.615718297874473,19.571806514285715,21437.951
46,119,24.834154561645224,15.799684514285714,17746.186999999998
48,0,13.426848128561979,10.578758199999998,9666.93025
48,3,8.624004923574716,5.7735536,7834.464749999999
48,4,5.933962287947488,5.315861485714285,5573.496749999999
48,6,14.884762418553917,11.824354199999998,10710.91925
48,8,11.082989262524356,8.068192799999998,7588.47625
48,10,15.470577064991872,8.7267168,8389.6325
48,12,29.645121821100414,20.572295600000004,11572.299
48,14,14.976983663458533,11.154217971428572,12735.767999999998
48,16,4.184665524405687,2.8270128,4279.909250000001
48,18,3.1732200307444405,2.4278051999999994,2983.45575
48,20,4.052059235042378,2.9120530000000002,3278.0092500000005
48,22,9.278902073586327,6.1284084,6037.075250000001
48,24,10.828056383830399,7.186088399999999,6869.761
48,27,36.7581386781083,19.817558000000002,15901.64475
48,28,13.993165290969296,10.66108205714286,12100.9175
48,30,13.187957008260216,9.669658971428571,10851.011249999998
48,32,9.844081447015562,6.5880084,6091.967499999999
48,34,8.642371420378065,5.2243032,4615.929749999999
48,36,4.075033305620231,2.8299131999999996,3276.35375
48,38,8.157965267723132,5.0925408,4695.299499999999
48,40,5.751846382595193,3.4008456,3268.1147499999997
48,42,0.7994543836689318,0.609816,2189.99275
48,44,1.8542482157436369,1.3472003999999997,2082.95175
48,46,2.5254187659639555,1.8627131999999997,2062.5957499999995
48,50,1.6053926821468876,1.0825763999999998,1829.7869999999998
48,52,6.323742375232823,3.5199587999999995,3814.6530000000002
48,56,29.111039025879734,14.719676199999999,12083.18475
48,59,38.37542912268788,21.402337000000003,16273.732750000001
48,61,15.784646845384954,12.086876,9716.9045
48,63,9.050565075885244,5.948401199999998,5951.229249999999
48,65,6.915944529506577,4.214735999999999,3925.1482499999997
48,67,1.4931397703732237,0.9665868,1950.9185000000002
48,69,0.7245908453385496,0.6525733999999997,2012.30425
48,71,3.506817544875236,2.5182709999999995,3331.3940000000002
48,73,4.079861550471537,2.761472599999999,3755.2635
48,75,2.226836433836703,1.2642014,2320.42125
48,77,16.833517897698748,4.2272498,5517.60575
48,80,25.28925718075304,10.9544858,10179.790749999998
48,82,30.52731410877953,14.507806000000002,13298.10275
48,84,45.13093617492916,28.155142,19675.302750000003
48,86,19.953694026476473,13.4724756,12416.142999999996
48,88,16.50917652072404,10.033439999999997,9550.279999999999
48,89,8.048934151550883,5.9361863,6007.0565
48,91,6.1960594279701695,4.4468198,4819.407
48,93,7.90555640395905,5.2349638,5961.858249999999
48,95,9.644433540812294,7.1252569999999995,9025.180499999999
48,97,9.244592204056,6.7904294,8459.37025
48,99,9.057499306149182,6.778347399999999,7328.180249999999
48,101,12.042410820280923,8.652418599999999,9556.499
48,103,10.148184381582855,7.860994999999999,9511.352750000002
48,105,11.143559861775639,7.9167078,8638.57125
48,107,13.232977662763695,9.9143378,11001.45225
48,110,14.23391668872698,11.469815485714287,12906.320750000003
48,111,11.262330182548228,8.6272032,10509.039750000004
48,113,10.938072562023281,8.3926272,10235.367750000001
48,116,21.6902769318882,17.245064428571432,15111.52625
48,117,22.193153566419443,18.7658382,19107.852250000004
48,119,18.411589830190195,14.993716200000001,15416.08825
50,0,12.691965378636326,10.051587399999997,9731.997749999999
50,3,9.599308724549227,7.8042848,8880.437249999999
50,4,6.9092660889219975,6.193309885714285,6619.469249999999
50,6,14.149879668628264,11.297183399999998,10775.98675
50,8,8.435335427783642,5.9449331999999995,5850.976
50,10,12.336903047387711,6.603457199999999,6453.42325
50,12,24.62285290088513,17.344246200000008,9465.551500000001
50,14,18.507154060248606,13.568879571428571,12610.395249999996
50,16,7.559877203020407,4.857744,6457.161249999999
50,18,4.148523831718951,3.3052536,4029.4282499999995
50,20,2.836161453134329,1.7732195999999998,2216.783
50,22,6.145228055982166,4.0051488,4229.72375
50,24,5.938680005414649,4.800133199999999,4763.013500000001
50,27,31.73586975789302,19.140633400000002,13541.084749999998
50,28,17.523335687759367,13.075743657142858,12640.70925
50,30,16.71812740505029,12.08432057142857,11125.836249999997
50,32,13.374251843805636,8.618739600000001,7834.808249999998
50,34,12.043591181847791,7.255034400000001,7137.72575
50,36,7.476253067089958,4.860644400000001,5590.39775
50,38,11.688135664513206,7.5072024,6438.1402499999995
50,40,9.282016779385268,6.0434844000000005,5028.394249999999
50,42,4.20287856610948,2.6405472000000003,3553.3897500000003
50,44,1.8750309908362601,1.546296,2624.32875
50,46,5.926638527433683,3.893444400000001,3265.5932499999994
50,48,0.9991568338191766,0.8774484000000002,1909.5722500000002
50,52,1.4343659968170732,1.1340035999999998,1707.9054999999998
50,56,24.08877010566445,14.042751599999999,9722.624749999999
50,59,33.353160202472594,20.725412400000003,13913.172750000002
50,61,19.314817242175025,14.780854400000003,10772.087749999999
50,63,14.194423534893534,8.6423796,7320.838749999999
50,65,11.25559448620256,6.8573748,5732.572249999999
50,67,6.801251692000006,3.6718368000000003,4108.1175
50,69,10.517090803190875,3.486348,3182.419
50,71,13.299317502727565,5.5473204,4936.429
50,73,13.872361508323864,5.3087484,5097.857750000001
50,75,5.3241090078319955,1.9411699999999996,2520.86875
50,77,20.87009132988809,4.3331599999999995,5040.40125
50,80,20.266988260537758,10.277561200000001,7819.230749999999
50,82,25.50504518856425,13.830881400000003,10937.54275
50,84,40.10866725471387,27.478217400000002,17314.742749999998
50,86,25.097552485484762,16.166454,13590.900749999997
50,88,21.65303497973233,12.7274184,10725.037749999998
50,89,17.656321318440188,8.965235700000001,7964.45575
50,91,15.988559385822498,6.9940956000000005,6325.748000000001
50,93,15.965329449027514,6.190903999999999,6359.39475
50,95,19.436933498664615,9.6725328,8755.160750000001
50,97,19.03709216190832,9.3377052,8455.321750000001
50,99,18.505772007683476,8.7327568,8403.22075
50,101,21.49068352181521,10.606828,9964.94675
50,103,19.59645708311715,9.8154044,9956.77675
50,105,19.203332906844107,8.872648,9036.107750000001
50,107,21.29275070783216,10.870277999999999,10024.86075
50,110,23.68218939026128,13.424224885714288,13351.744750000003
50,111,20.710602884082526,10.581612600000001,10954.463750000003
50,113,20.38634526355758,10.347036600000001,10651.36925
50,116,29.750049976956667,17.350974628571432,14134.93475
50,117,30.252926611487908,19.7217784,17673.742749999998
50,119,26.47136287525866,15.9496564,13981.97875
52,0,12.750472500094338,8.2357392,8343.745599999998
52,3,13.989568724768711,10.505967200000002,10896.346399999999
52,4,11.299526089141484,8.894992285714288,8791.510400000003
52,6,14.25752899011974,9.5071712,9409.264599999999
52,8,6.063417599516027,4.129035600000001,4921.4926
52,10,8.380784204058127,4.631846399999999,5602.905200000001
52,12,20.74737515701192,14.936753400000004,7399.978800000002
52,14,22.938172057113356,15.655791171428568,15689.094399999998
52,16,11.950137203239892,7.559426400000001,8930.079999999998
52,18,8.538783831938435,6.006936000000001,6502.347
52,20,3.4298485312716416,2.8068648000000005,2952.3606000000004
52,22,2.349262865204445,1.471014,2987.7365999999993
52,24,1.6888878107041363,1.6529424,2810.1474000000003
52,27,28.3935201689086,16.733140600000002,11371.296999999997
52,28,21.954353684624117,15.162655257142855,15719.4084
52,30,21.14914540191504,14.171232171428567,14204.535399999999
52,32,17.805269840670384,11.162047599999996,10691.834400000003
52,34,16.433266043849162,9.956716799999999,9345.9736
52,36,11.865927929091328,7.562326799999998,7798.645599999999
52,38,16.11915366137795,9.594113999999996,9018.507200000002
52,40,13.987877942616322,7.902418799999998,7759.381199999999
52,42,8.593636243664001,5.3422296,5662.7294
52,44,6.265290991055745,4.4332092,4984.127
52,46,10.31631338943505,6.595126799999999,5376.839
52,48,5.389416834038661,3.7468763999999997,4210.88
52,50,3.1105591646031154,1.8924096,2032.0448000000001
52,56,20.746420516680033,11.6352588,7552.836999999998
52,59,30.01081061348818,18.317919600000003,11743.384999999998
52,61,23.745835239039774,16.5884492,13136.0206
52,63,17.286596635906374,10.449974399999997,9684.7716
52,65,15.151976089527706,8.716309199999998,8339.4194
52,67,9.729171330394351,5.468159999999998,5533.2596
52,69,13.727387904025154,4.938423799999999,4903.6618
52,71,16.509614603561843,6.999396199999999,6657.671799999999
52,73,17.082658609158138,6.760824199999998,6845.5520000000015
52,75,8.87237096685992,3.8855816,3599.9331999999995
52,77,17.527741740903675,6.089533600000001,4962.729000000001
52,80,16.92463867155334,7.870068400000001,5649.4429999999975
52,82,22.16269559957983,11.423388600000003,8767.754999999997
52,84,36.76631766572945,25.070724600000002,15144.954999999998
52,86,28.189725586497598,17.9740488,15954.833599999998
52,88,24.745208080745165,14.535013199999996,13088.970599999999
52,89,20.748494419453024,10.417311499999999,9640.2982
52,91,19.198856486656776,8.446171399999997,8037.469200000001
52,93,19.51359140805544,8.1353156,7327.232199999999
52,95,22.647230599498894,11.124608599999998,10431.308800000003
52,97,22.247389262742598,10.789780999999998,10131.469800000003
52,99,22.05403396671141,10.6771684,9674.4222
52,101,25.038945480843143,12.551239599999999,11236.148200000001
52,103,23.144719042145084,11.759815999999999,11227.978200000001
52,105,22.751594865872033,10.8170596,10003.945200000002
52,107,24.841012666860085,12.8146896,10992.698199999999
52,110,27.23045134928921,15.368636485714287,14622.946200000002
52,111,24.25886484311046,12.5260242,12225.665200000003
52,113,23.934607222585512,12.2914482,11951.993200000003
52,116,31.066235906820918,19.29538622857143,15571.3538
52,117,33.80118857051583,21.66619,18641.5802
52,119,30.019624834286585,17.894068,14949.816200000001
56,0,31.146356277455002,21.0849312,14589.4705
56,3,32.449153559851624,23.00725,18396.358500000002
56,4,29.759110924224398,21.503939085714286,16135.3905
56,6,32.65341276748041,22.356363199999997,15654.989500000001
56,8,24.459301376876695,16.978227599999997,11167.217500000002
56,10,26.239931328746316,17.481038399999996,11620.8495
56,12,9.31526284077609,9.272557999999998,5339.5999999999985
56,14,41.35593611459737,25.793955971428577,22526.645500000002
56,16,30.40972203832281,20.0226896,15973.0825
56,18,26.998368667021353,18.6158828,13545.349500000002
56,20,20.35448791057358,15.517109999999999,9949.6195
56,22,20.74514664256511,14.320205999999997,8952.199499999999
56,24,3.796173346543331,3.7560520000000004,2581.347
56,27,7.657199232942298,7.636919999999998,4515.161499999999
56,28,40.37211774210813,25.30082005714286,22556.9595
56,30,39.56690945939905,24.309396971428576,21042.0865
56,32,36.22303389815439,21.3002124,17751.058500000003
56,34,34.89285087893207,20.21201839999999,16342.855500000001
56,36,30.325512764174242,18.179559200000003,14795.5275
56,38,34.536917718861964,19.732278800000003,16132.0875
56,40,32.130798833734026,18.0405836,14500.021999999999
56,42,27.05213826319376,17.846163200000003,12758.519500000004
56,44,24.724875826138668,17.535278,12027.129500000003
56,46,28.775898224517967,17.193054800000002,12462.432500000003
56,48,23.849001669121584,14.8366916,11169.965
56,50,19.81861236690841,14.072522999999999,8383.644500000002
56,52,15.596820667761417,11.6349618,6352.343500000001
56,59,9.276048248222278,9.137744999999999,6015.9865
56,61,42.16359929652379,26.726614,20349.022500000003
56,63,35.746181470989285,20.588139199999997,16897.7735
56,65,33.61156092461062,18.419718800000002,15000.066000000003
56,67,28.188756165477272,15.7106024,12746.261500000004
56,69,27.998792750427974,13.8690116,11209.456000000002
56,71,31.213032598803185,15.929984,13226.323000000004
56,73,28.82679125635035,14.9376896,12016.882000000003
56,75,19.40852101458799,11.528684,8762.3625
56,77,14.244156266852691,9.407308400000002,7301.860500000002
56,80,3.7648519493537447,3.7634072,2598.6094999999996
56,82,5.806736288696322,5.374193399999999,4042.9445000000005
56,84,16.03155530046356,15.89055,9417.556499999999
56,86,46.649310421580516,28.1122136,23167.835500000005
56,88,43.20479291582808,24.673178,20301.972500000003
56,89,34.80528389762659,19.3478993,15339.040000000005
56,91,31.235104279545112,15.9238988,13208.384000000004
56,93,30.62681910013497,14.755922,12681.385500000004
56,95,34.44512962015767,19.122525200000005,15896.473500000004
56,97,34.045288283401376,18.7889854,15596.634500000004
56,99,33.167261658790935,17.2977748,15028.575500000003
56,101,36.15217317292267,19.171846,16590.301500000005
56,103,34.2579467342246,18.380422399999997,16582.131500000003
56,105,33.864822557951555,17.437666,15358.098500000004
56,107,35.95424035893961,19.435296,16346.851500000004
56,110,38.34367904136873,21.98924288571428,19977.0995
56,111,35.37209253518998,19.146630599999995,17579.8185
56,113,35.04783491466503,18.912054599999994,17306.146500000003
56,116,27.782650432769938,22.855944628571436,18408.240500000004
56,117,39.48791210196045,28.286796399999997,27857.329500000003
56,119,34.14518025485159,24.514674399999997,23420.654500000004
59,0,39.40441870702307,27.769395600000006,19636.371333333333
59,3,40.70721598941971,29.691714400000006,23443.25933333334
59,4,38.01717335379247,28.188403485714286,21182.291333333334
59,6,40.91147519704847,29.040827600000004,20701.890333333333
59,8,32.717363806444766,23.662692000000003,16214.118333333337
59,10,34.49799375831439,24.1655028,16667.750333333333
59,12,12.683447038110607,12.126603000000001,7850.461333333333
59,14,49.65473650621118,32.47842037142858,28292.957333333336
59,16,38.66778446789089,26.707154000000006,21019.983333333337
59,18,35.25643109658944,25.3003472,18592.250333333333
59,20,28.612550340141652,22.2015744,14996.520333333334
59,22,29.003209072133185,21.0046704,13999.100333333336
59,24,16.09172991382435,15.671097,9640.700333333334
59,27,1.8812065263197244,1.500825,2537.572333333333
59,28,48.67091813372195,31.985284457142864,28323.271333333334
59,30,47.865709851012866,30.99386137142858,26808.398333333334
59,32,44.521834289768215,27.984676800000006,23517.370333333336
59,34,43.150913308500144,26.896482799999998,21389.75633333333
59,36,38.583575193742305,24.86402360000001,19842.428333333333
59,38,42.83571811047578,26.41674320000001,21676.09633333334
59,40,40.70552520726729,24.725048000000008,19821.711333333336
59,42,35.31020069276183,24.53062760000001,17805.42033333333
59,44,32.98293825570674,24.2197424,17074.030333333332
59,46,37.03396065408603,23.87751920000001,17509.333333333332
59,48,32.107064098689655,21.52115600000001,16274.90633333333
59,50,28.076674796476482,20.7569874,13430.545333333335
59,52,23.854883097329488,18.319426200000002,11399.244333333336
59,56,9.518256181423489,9.137745000000002,6356.032333333334
59,61,50.46239968813761,33.41107840000001,25395.92333333334
59,63,44.00424390055735,27.272603600000004,21944.674333333332
59,65,41.869623354178685,25.10418320000001,19350.682333333334
59,67,36.446818595045336,22.39506680000001,17793.16233333333
59,69,36.23872118338589,20.553476000000007,15552.043333333333
59,71,39.45296103176112,22.614448400000008,17457.247333333336
59,73,37.06671968930828,21.62215400000001,16247.806333333332
59,75,27.666583444156064,18.213148400000005,13809.263333333336
59,77,22.48408469981062,16.091772800000005,11833.957333333334
59,80,8.31556535009462,7.837802000000002,4955.648333333335
59,82,9.301707028686101,8.781073000000003,5898.919333333336
59,84,5.129800450437467,5.128048,3355.146
59,86,54.90737285114859,34.79667800000001,28214.736333333338
59,88,51.46285534539615,31.357642400000007,25348.87333333334
59,89,43.063346327194665,26.032363700000012,20076.928333333333
59,91,39.475032712503044,22.608363200000007,17808.96933333333
59,93,38.884881529703044,21.440386400000005,17728.286333333337
59,95,42.70319204972575,25.806989600000012,20943.37433333334
59,97,42.303350712969454,25.473449800000008,20643.535333333337
59,99,41.42532408835901,23.982239200000006,20075.47633333334
59,101,44.41023560249075,25.856310400000005,21637.202333333338
59,103,42.51600916379268,25.064886800000004,21629.03233333334
59,105,42.12288498751964,24.122130400000007,20404.999333333333
59,107,44.21230278850769,26.119760400000008,21393.752333333334
59,110,46.60174147093681,28.673707285714286,25024.000333333333
59,111,43.630154964758056,25.831095,22626.719333333338
59,113,43.30589734423311,25.596519,22353.04733333334
59,116,36.022578865727866,29.54040902857144,22940.33733333334
59,117,47.72784053491837,34.9712608,32389.426333333337
59,119,42.38510868780951,31.199138800000004,27952.751333333337
61,0,31.793733953546486,21.609594400000002,22696.688499999997
61,3,24.35709586576832,15.619567400000001,15746.187999999996
61,4,21.961243778115048,16.209894485714283,16813.95875
61,6,33.251648243538426,22.8551904,23740.677499999998
61,8,29.449875087508865,19.923331599999997,17051.619749999998
61,10,34.593839758115834,21.0869924,18609.93475
61,12,43.51162048730642,30.887862200000008,21386.301749999995
61,14,10.106263701587118,9.249706542857142,10801.042
61,16,18.433127570498478,11.721436199999998,12746.2795
61,18,19.269173289974628,13.528189399999999,14295.381749999999
61,20,22.41894506002689,13.942889199999998,13386.275999999998
61,22,28.452810469173087,18.295959999999997,15695.476749999998
61,24,29.17808639627541,18.5646434,16683.763749999995
61,27,50.6246373443143,28.984070599999992,25245.824999999993
61,28,4.775735697615561,4.6364532,5785.290000000001
61,30,8.3172370463888,7.765147542857142,8916.285249999999
61,32,8.627116086488082,8.387134742857144,8349.7675
61,34,11.790422887828136,9.2155959,9947.991999999998
61,36,15.223519446259225,10.295696999999999,11558.1635
61,38,8.625780806468153,6.9651783,5983.42275
61,40,13.970834930837833,9.1901032,7938.065499999999
61,42,17.41802131311947,10.7221804,9353.606499999998
61,44,20.02343783624653,12.178845999999998,10853.645999999999
61,46,15.016575560721389,9.852925599999999,8669.06575
61,48,14.422709608356245,10.3503848,9648.102750000002
61,50,21.212104104007356,13.338082400000001,12306.210750000002
61,52,24.673772387677833,14.8985138,13628.655749999996
61,56,42.97753769208573,23.8861888,21427.364999999998
61,59,52.24192778889388,30.568849599999993,25617.912999999997
61,63,1.8281933820685243,1.8266591999999997,3681.03925
61,65,6.702315153530972,6.098886299999999,5261.51275
61,67,12.92858684738354,8.9638732,7912.97175
61,69,12.315573613908667,9.258424399999999,12360.84525
61,71,8.170117266169603,6.4709072,9973.62025
61,73,10.986026957217824,8.499404,11664.03425
61,75,13.420107149367768,10.430714000000002,12211.80125
61,77,30.00482773571059,13.3937624,17471.881250000006
61,80,39.15575584695904,20.120998399999998,19523.970999999998
61,82,44.393812774985534,23.674318599999992,22642.282999999996
61,84,58.99743484113516,37.32165459999999,29019.483
61,86,5.860539752564729,5.859925999999998,5843.3685000000005
61,88,2.8399896424940163,2.459592,3274.2924999999996
61,89,4.670396560145256,4.308323199999999,8173.3322499999995
61,91,8.280857640193464,6.573126799999999,10058.80325
61,93,14.167671244612984,12.9186716,18438.645250000005
61,95,6.678520498128992,6.498402799999999,11284.26125
61,97,6.278679161372697,6.1635751999999995,10984.42225
61,99,7.750432172974852,7.656402399999999,12525.394250000001
61,101,10.712675951799346,9.443357599999999,13858.740250000003
61,103,8.461535573891968,8.362765,13702.665250000002
61,105,10.037783086770135,9.527772914285714,15167.534250000004
61,107,13.615147652674896,12.423929714285713,17580.998250000004
61,110,12.547267881036094,11.971585485714288,17097.633250000003
61,111,9.575681374857341,9.1289732,14700.352250000005
61,113,9.251423754332395,8.8943972,14426.680250000005
61,116,22.072446921799404,20.618915314285715,21691.072250000005
61,117,20.78006208889002,19.912110714285713,24655.89325
61,119,16.99849835266077,16.139988714285714,20964.129250000005
63,0,25.594431554396863,16.267598399999994,14853.333749999998
63,3,18.54042216051924,10.1175114,8552.391749999999
63,4,15.999662961149271,10.707838485714284,8891.584749999998
63,6,27.052345844388803,17.513194399999996,15897.32275
63,8,23.25057268835924,14.581335599999997,13251.239749999999
63,10,28.394537358966215,16.0890012,14809.554750000001
63,12,40.81058825465668,27.0009462,17585.921749999998
63,14,9.348072542618073,9.028719435714287,12273.501999999997
63,16,13.180612617117216,6.219380200000001,5452.07775
63,18,13.30759247300885,8.026133399999997,6373.007749999999
63,20,16.219642660877266,8.600893199999998,8464.412749999998
63,22,22.253508070023464,12.953963999999997,11895.09675
63,24,22.978783997125785,14.1468276,12883.383749999997
63,27,47.92360511166456,25.779452999999986,21445.444999999996
63,28,6.534688273004656,6.521023864285715,7372.551500000001
63,30,6.150678150370477,6.13703015,9188.152
63,32,8.575046504274859,4.9205412,6445.008749999999
63,34,9.0122826976277,3.5568359999999997,3823.63875
63,36,9.96656447599723,4.793641,4263.96175
63,38,2.426478407318524,1.3064184,2183.04275
63,40,7.771532531688204,3.8481072,3647.39175
63,42,11.456440496153693,5.380184399999999,5479.36275
63,44,13.8241354370969,6.836849999999999,6791.73575
63,46,8.81727316157176,4.5109296,4868.685750000001
63,48,9.291998501423798,5.961457200000001,5847.72275
63,50,15.012801704857731,8.5957944,8381.67675
63,52,18.474469988528206,10.480697999999999,9828.275749999997
63,56,40.27650545943599,20.681571199999993,17626.984999999997
63,59,49.54089555624414,27.364231999999987,21817.533
63,61,5.486943191869581,5.096123999999999,3508.8405000000007
63,65,0.5030127543813441,0.4401264,1461.1327500000002
63,67,6.729284448233913,3.621877200000001,4112.591750000001
63,69,10.48738023184014,5.870104799999998,7923.873249999999
63,71,6.341923884101076,4.644248,6905.601999999999
63,73,9.1578335751493,6.672744800000001,8596.016
63,75,11.591913767299243,7.2260963999999985,8411.42125
63,77,28.176634353642065,10.189144799999998,14403.863
63,80,36.454723614309295,16.916380799999992,15723.590999999997
63,82,41.69278054233579,20.469700999999986,18841.903
63,84,56.296402608485415,34.11703699999998,25219.102999999996
63,86,8.431994823376678,6.075567599999999,6082.048999999999
63,88,4.9874773176242435,2.636531999999999,3216.1859999999992
63,89,2.8422031780767316,2.4816639999999994,5105.314
63,91,6.452664258124937,4.746467599999999,6990.784999999999
63,93,12.339477862544461,11.00022,15370.627
63,95,4.850327116060468,4.671743599999999,8216.243
63,97,4.450485779304173,4.3369159999999995,7916.404
63,99,5.922238790906327,5.829743199999999,9457.376
63,101,8.884482569730821,7.616698399999999,10790.722
63,103,6.633342191823444,6.5361058,10634.647
63,105,8.209589704701612,7.701113714285714,12099.516000000001
63,107,11.786954270606373,10.597270514285714,14512.98
63,110,10.719074498967569,10.144926285714286,14029.615000000003
63,111,7.747487992788816,7.302313999999999,11632.334000000003
63,113,7.423230372263871,7.067737999999999,11358.662000000002
63,116,20.244253539730877,18.792256114285717,18623.054
63,117,18.951868706821497,18.085451514285715,21587.875000000004
63,119,15.170304970592248,14.313329514285714,17896.111
65,0,22.4986911903336,14.467979999999995,13416.888799999997
65,3,15.632919306558458,8.477953,7912.752399999999
65,4,13.092160107188493,9.068280085714285,8251.945399999999
65,6,23.95660548032554,15.713575999999996,14460.877799999998
65,8,20.154832324295977,12.781717199999997,11814.7948
65,10,25.298796994902954,14.289382799999998,13373.1098
65,12,37.890226569942826,25.485537,15837.187800000003
65,14,12.673468275765664,9.801861171428573,12920.777599999998
65,16,10.273109763156437,4.5798218,4812.438400000001
65,18,10.400089619048071,6.386575,5733.368399999999
65,20,13.123902296814004,6.801274799999999,7027.9677999999985
65,22,19.1577677059602,11.154345599999997,10458.651800000001
65,24,20.788332373077004,12.3548244,11518.067799999999
65,27,45.003243426950704,23.581745399999996,19368.381400000002
65,28,9.860084006152249,8.391780664285715,9209.453599999999
65,30,9.47607388351807,8.00778695,10155.5858
65,32,8.768027232045307,4.1785271999999996,4241.3962
65,34,8.364926542233981,2.8148219999999995,3094.1908000000003
65,36,7.059061622036452,3.1540826000000006,3624.3224
65,38,1.7791222519248038,0.5644043999999999,1360.8701999999998
65,40,4.675792167624941,2.0484888000000003,2733.9268
65,42,8.548937642192914,3.5805659999999997,4121.7058
65,44,10.728395073033633,5.0372316,5355.2908
65,46,5.721532797508497,2.7113112,3432.2407999999996
65,48,7.101546877375019,4.169454,3890.3237999999997
65,50,12.063772085530472,6.803791199999999,6193.250000000001
65,52,16.284018364479426,8.688694799999999,8170.452800000001
65,56,37.356143774722135,18.483863599999996,15549.921399999997
65,59,46.620533871530284,25.166524399999997,19740.469400000005
65,61,7.986185554238228,6.560724800000001,5430.974
65,63,0.8542616059330395,0.42225,1621.0944000000002
65,67,4.538832824185134,2.1587940000000003,2747.275800000001
65,69,6.694179696545066,3.8560992,4174.349400000001
65,71,2.5487233488060013,1.0685820000000001,3556.9304
65,73,5.4720969032907325,3.0970788000000002,5247.3444
65,75,9.051224356511353,5.028388799999999,6316.266000000001
65,77,24.653422136675363,7.991437199999999,8734.126999999997
65,80,33.53436192959544,14.718673199999998,13646.527399999997
65,82,38.772418857621936,18.271993399999996,16764.8394
65,84,53.37604092377156,31.9193294,23142.0394
65,86,11.75739055652427,7.946324399999999,8154.127399999999
65,88,8.312873050771834,4.507288799999999,5288.264399999998
65,89,3.430329022266775,2.4453357000000002,2515.3071999999993
65,91,3.012176246364163,1.4324448000000003,3933.034999999999
65,93,12.709962644595956,7.516346400000001,12411.3494
65,95,7.157491587549668,5.0514348,6306.9468
65,97,6.757650250793373,4.7166072,6007.1078
65,99,8.32188408717944,6.2654081999999995,7565.950999999999
65,101,11.284127866003935,8.052363399999999,9115.159199999998
65,103,9.032987488096555,6.9717708,8959.084200000001
65,105,10.609235000974722,8.136778714285715,10423.9532
65,107,14.186599566879483,11.032935514285715,12837.4172
65,110,13.11871979524068,10.580591285714286,12354.052200000002
65,111,10.147133289061928,7.737978999999999,9956.771200000001
65,113,9.822875668536982,7.503403,9683.0992
65,116,22.64389883600399,19.227921114285717,16947.491199999997
65,117,21.351514003094607,18.521116514285715,19912.312200000004
65,119,17.56995026686536,14.748994514285714,16220.5482
67,0,18.482731648297218,13.099491599999995,11401.20633333333
67,3,13.18423847136474,7.3731644,7742.777666666666
67,4,10.83964926483175,7.762178285714285,6908.333666666668
67,6,19.94064593828916,14.345087599999996,12445.195333333331
67,8,16.138872782259597,10.6682832,9559.285666666668
67,10,20.6493384328496,11.326807199999998,10108.055666666667
67,12,32.58194059980356,21.98304900000001,12818.029666666669
67,14,12.824541308625662,9.64791677142857,9462.347666666667
67,16,7.2602701760948944,3.9984900000000003,3935.9250000000006
67,18,8.14757877669133,5.080473199999999,4248.151666666668
67,20,9.107942754777623,5.432786399999999,5012.285333333333
67,22,14.457663441444057,8.728498799999999,7942.798666666667
67,24,14.750136342272667,9.128930399999998,8115.491666666668
67,27,39.694957456811444,20.777380200000003,16588.040666666668
67,28,11.840722936136425,9.154780857142859,9492.661666666667
67,30,11.035514653427345,8.16335777142857,7977.788666666667
67,32,7.691639092182691,5.154173200000001,4686.760666666666
67,34,7.5642183306616415,4.1878188000000005,3326.725
67,36,4.09295032773303,2.2920336000000003,2411.4160000000006
67,38,6.005522912890262,3.2785847999999995,3204.6330000000003
67,40,3.5994040277623234,1.8945444000000002,1880.3466666666666
67,42,4.735294034814089,2.2120775999999998,2119.378666666667
67,44,6.712435530997256,3.6687431999999998,3333.266666666667
67,46,2.6488977154994386,1.3428228,1455.0403333333334
67,48,1.0633508465706876,0.9435599999999997,1294.3496666666667
67,50,6.784154050004617,3.577897199999999,3737.9386666666664
67,52,10.245822333675092,5.462800799999998,5060.383666666666
67,56,32.04785780458288,15.6794984,12769.580666666667
67,59,41.312247901391025,22.362159200000004,16960.128666666667
67,61,13.235205567831807,9.7393532,7220.886000000001
67,63,6.103281619526619,3.6008784,3769.637
67,65,3.96866107314795,2.1591708,2568.214
67,69,6.544076103790324,0.8680319999999999,1448.7163333333335
67,71,8.870408567456831,2.0908704,2467.7483333333334
67,73,9.527522681592052,2.5149072,2930.401333333333
67,75,9.821970872387787,2.2240235999999998,3354.9053333333327
67,77,24.42865233624983,5.187072000000001,5824.1123333333335
67,80,28.22607595945619,11.914308000000002,10866.186666666666
67,82,33.46413288748268,15.467628200000004,13984.498666666666
67,84,48.0677549536323,29.114964200000006,20361.698666666667
67,86,17.00641057011785,11.124952799999999,10039.699
67,88,13.561893064365414,7.685917199999999,7173.836
67,89,9.565179403073271,4.8125887999999994,4793.494333333333
67,91,11.559650450551764,4.200254400000001,4082.1266666666666
67,93,15.397164398682758,5.9981472,5295.153333333333
67,95,13.384822793140078,6.878691600000001,7410.451666666667
67,97,12.984981456383782,6.543864000000001,7100.980333333334
67,99,14.456734467985935,6.531782,6506.776333333334
67,101,17.418978246810433,8.4058532,8576.919333333333
67,103,15.167837868903053,7.6144296,8550.080666666669
67,105,16.744085381781222,8.6798912,8948.76
67,107,20.32144994768598,10.6775212,12399.248
67,110,19.253570176047177,11.22325008571429,12908.565000000002
67,111,16.281983669868424,8.380637800000002,10511.284000000001
67,113,15.95772604934348,8.146061800000002,10237.612000000003
67,116,28.77874921681049,18.204886628571433,16509.322
67,117,27.48636438390111,19.163775314285715,20466.825
67,119,23.70480064767186,15.391653314285715,16775.061
69,0,24.339787460885585,13.398381399999996,11664.966399999998
69,3,19.91304478760605,8.461868,8106.277799999999
69,4,17.223002151978825,8.429338285714287,7405.4064
69,6,25.797701750877525,14.643977399999997,12708.955399999999
69,8,21.87086550771623,10.43718,8913.4842
69,10,25.494038422325907,11.095703999999998,10236.9702
69,12,28.993646210474157,20.896573800000006,13212.659
69,14,18.85193925955,11.24857397142857,18758.117600000005
69,16,14.751227410561185,5.4773076000000005,5014.7428
69,18,14.462259894775777,5.541282000000001,4858.243799999999
69,20,14.96499856736599,5.731676199999999,5223.9082
69,22,19.580758135914753,8.4312762,7296.997200000001
69,24,18.802142028971915,8.573355,8510.121
69,27,36.106663067482046,18.9927822,16197.180799999998
69,28,16.038554989936586,10.755438057142857,16127.773600000004
69,30,15.654544867302407,9.76401497142857,15672.767600000001
69,32,15.484216607006552,6.7548303999999995,6137.718799999998
69,34,15.094222913985853,5.6666364,4692.8368
69,36,11.58390756219932,3.6341772,3561.0127999999995
69,38,13.059942374157407,5.1868967999999995,4741.050799999999
69,40,11.391981542586183,3.4952015999999997,3331.3047999999994
69,42,11.43737263541741,3.3007812,3169.2878
69,44,13.143288079774974,4.4606772,3949.1112000000003
69,46,9.77384909843506,2.6476728,2625.0307999999995
69,48,0.6328838972191256,0.6316103999999999,1094.0414
69,50,11.647822082249261,3.3467939999999996,3004.8291999999997
69,52,14.631037213800802,4.9072254,5722.234600000002
69,56,28.459563415253477,13.894900399999997,12378.720800000001
69,59,37.72395351206163,20.5775612,16569.2688
69,61,18.162028806610664,12.181232,12690.2196
69,63,12.875092451082562,6.042757199999999,7437.510399999999
69,65,5.99154480284752,3.8184816,3509.6174
69,67,6.969651054400934,1.1652204,1389.6538
69,71,2.4104025722054234,1.3287468,1421.3200000000002
69,73,1.0148671139414012,0.8524068,1385.9098
69,75,1.3358702840962393,0.43942559999999986,1007.1958000000001
69,77,15.942551747958284,3.4024739999999993,3476.4028
69,80,24.637781570126783,10.12971,10475.326799999999
69,82,29.875838498153275,13.683030200000001,13593.6388
69,84,44.479460564302904,27.330366200000004,19970.838799999998
69,86,21.30708727445924,13.566831599999997,15030.7346
69,88,17.862569768706805,10.127795999999996,12164.8716
69,89,6.939593381751063,4.7466621,4235.8634
69,91,3.2338773852345746,2.537754,2694.2208000000005
69,93,6.883670013586992,4.295891600000001,3491.4544
69,95,6.579439104282157,5.2161912,5089.117000000001
69,97,6.179597767525862,4.8813636,4789.278
69,99,5.992504869619047,4.8692816,4959.5182
69,101,8.977416383750784,6.7433528,6521.244200000001
69,103,7.0831899450527205,5.9519292,6513.074200000001
69,105,8.659437457930888,6.977635600000001,6168.1674
69,107,12.211091272391636,8.975265600000002,7644.9400000000005
69,110,11.168922252196845,9.560749685714287,9908.042200000002
69,111,8.197335746018092,6.7181374,7510.761200000001
69,113,7.873078125493147,6.4835614,7237.0892
69,116,20.668390541516143,16.42028862857143,11755.014
69,117,19.40171646005077,17.501274914285716,16140.648200000001
69,119,15.620152723821523,13.729152914285715,12448.8842
71,0,27.648311611573483,15.150857999999994,13532.303999999996
71,3,22.545988427477983,9.4245308,9327.396666666666
71,4,20.005229228108018,9.813544685714286,9666.589666666665
71,6,29.106225901565423,16.396453999999995,14576.292999999998
71,8,25.304452745535862,12.552334799999999,10727.782000000001
71,10,30.040329674335787,13.2108588,11276.552000000001
71,12,33.586800930751735,23.011728600000005,15161.157
71,14,14.55449988058465,12.21123677142857,16089.258666666667
71,16,17.214728773234132,6.4399704,6652.157333333334
71,18,17.313158739967598,7.131839599999998,6497.0329999999985
71,20,18.273522718053886,7.484152799999998,7143.382999999998
71,22,23.848654682930242,10.546430999999998,9111.295
71,24,23.395296749249496,10.6885098,10458.618999999997
71,27,40.69981778775962,21.107937000000003,17852.667999999998
71,28,11.741115610971235,10.379423464285713,13458.914666666666
71,30,11.357105488337057,9.99542975,13003.908666666668
71,32,13.781473842241436,7.717493199999997,7156.664999999998
71,34,15.32746832751456,6.629299199999998,6367.851999999999
71,36,14.047408924872267,4.596839999999999,5286.965333333334
71,38,8.741664037205382,5.459448500000001,4839.764333333333
71,40,13.118761857127309,4.457864399999998,5363.050333333334
71,42,13.900873998090356,4.263443999999999,4256.818
71,44,15.878015494273521,5.720109599999999,5470.705999999999
71,46,12.237350461108006,3.6103355999999995,3712.5609999999997
71,48,4.452678219186792,2.4742511999999994,2765.8240000000005
71,50,15.915718629264749,5.4619488,4819.127
71,52,18.961804398618195,7.022380199999999,6389.880000000001
71,56,33.05271813553106,16.0100552,14034.207999999999
71,59,42.3171082323392,22.692716000000004,18224.756
71,61,13.864589427645315,11.959593900000002,10021.360666666667
71,63,8.57765307211721,5.8211191,5312.406666666667
71,65,1.6732664658954948,1.0685820000000001,1384.5136666666667
71,67,9.43315241707388,2.1278831999999994,2477.1839999999997
71,69,1.8892991884532664,1.3822907999999996,1920.1509999999998
71,73,0.6672163951989326,0.5127240000000001,1192.6326666666666
71,75,5.028521153171084,2.5545803999999994,2883.552333333333
71,77,20.535706468235865,5.5176288,5081.010666666666
71,80,29.230936290404365,12.244864800000002,12130.813999999998
71,82,34.46899321843085,15.798185000000004,15249.125999999998
71,84,49.07261528458048,29.445521000000003,21626.326
71,86,17.009647895493888,13.134212699999999,12361.875666666665
71,88,13.565130389741453,9.695177099999999,9496.012666666667
71,89,2.634240841929045,1.9967625,2110.7596666666664
71,91,1.0598383937330915,0.9832331999999999,951.2143333333333
71,93,8.687259441255685,4.931991600000001,4520.591666666666
71,95,5.2051537349185955,4.602223199999999,3601.868333333334
71,97,4.8053123981623,4.2673955999999995,3302.029333333334
71,99,6.4296038458883675,5.4656264,4522.053
71,101,9.39184762471286,7.339697599999999,6059.584333333333
71,103,7.140707246805484,6.548274,5952.811000000001
71,105,8.716954759683652,7.613735600000001,7226.922666666668
71,107,12.294319325588413,9.611365600000001,9831.144000000002
71,110,11.226439553949609,10.157094485714286,9347.779
71,111,8.254853047770856,7.3144822,6950.498
71,113,7.930595427245911,7.0799062,6676.826000000001
71,116,20.75161859471292,17.8063512,13941.218
71,117,19.459233761803535,18.097619714285713,16906.039
71,119,15.677670025574287,14.325497714285714,13214.275
73,0,26.684043479293237,14.834968799999997,13047.225999999995
73,3,21.581720295197737,9.1086416,8079.896999999999
73,4,19.04096109582777,9.497655485714285,8419.09
73,6,28.141957769285177,16.080564799999998,14091.214999999997
73,8,24.340184613255616,11.9607288,10738.0036
73,10,28.772734495306693,12.619252799999998,12042.672600000002
73,12,32.27234228345494,22.420122600000006,14175.948
73,14,16.866012485904555,11.89534757142857,19055.8864
73,16,16.250460640953886,6.124081200000001,5617.195
73,18,16.34889060768735,6.815950399999999,5900.512999999999
73,20,17.30925458577364,7.168263599999999,6658.3049999999985
73,22,22.88438655065,9.954824999999998,9187.9366
73,24,22.0808381019527,10.0969038,9473.409999999998
73,27,39.385359140462825,20.0587278,16867.459
73,28,14.05262821629114,11.402211657142857,16425.5424
73,30,13.668618093656962,10.410788571428569,15970.5364
73,32,16.09298644756134,7.401603999999998,6740.170999999999
73,34,16.593456144378553,6.313409999999999,5565.546
73,36,13.08314079259202,4.280950799999999,4163.465
73,38,11.053176642525287,5.833670399999998,5318.7768
73,40,12.891214772978884,4.141975199999999,3933.756999999999
73,42,12.93660586581011,3.9475548,3771.7400000000002
73,44,14.913747361993275,5.4042204,4985.628
73,46,11.27308232882776,3.2944464,3227.483
73,48,3.4884100869065477,2.1583619999999994,2280.746
73,50,14.951450496984503,4.8703427999999995,4265.8266
73,52,17.90973328678159,6.430774199999998,6432.5726
73,56,31.738259488234263,14.960846,13048.999
73,59,41.002649585042406,21.6435068,17239.547
73,61,16.176102032965222,12.8280056,12987.9884
73,63,10.889165677437116,6.689530799999998,6823.031
73,65,3.9847790712153994,3.0835692,2895.1380000000004
73,67,8.468884284793635,1.8119939999999997,1992.1059999999998
73,69,0.594983699927728,0.5167271999999998,912.717
73,71,1.3969684576730725,0.5127240000000001,1020.8146
73,75,3.4333400700234744,1.8483155999999998,1921.9650000000001
73,77,19.035537850187485,4.4684196,4100.8896
73,80,27.91647764310757,11.1956556,11145.605
73,82,33.15453457113406,14.7489758,14263.917000000001
73,84,47.75815663728368,28.396311800000003,20641.117
73,86,19.321160500813793,14.2136052,15328.503399999998
73,88,15.87664299506136,10.774569599999998,12462.640399999998
73,89,4.945753447248949,4.011749699999999,3491.3197999999998
73,91,2.2819473772261114,1.7174503999999997,1676.9500000000003
73,93,7.092078358108076,3.5148636,3398.0046
73,95,5.627509096273694,4.395887599999999,3931.9862000000007
73,97,5.227667759517399,4.0610599999999994,3632.147200000001
73,99,5.337733563715622,4.0484984,3878.6478
73,101,8.322645077847358,5.922569599999999,5440.373799999999
73,103,6.428418639149295,5.131146,5432.2038
73,105,8.004666152027463,6.1966076,6074.717599999999
73,107,11.582030717932223,8.194237600000001,9310.5368
73,110,10.51415094629342,8.739966485714286,8827.1718
73,111,7.542564440114667,5.8973542,6429.890799999999
73,113,7.2183068195897215,5.6627782,6156.218800000001
73,116,20.039329987056732,16.389223200000004,13420.6108
73,117,18.746945154147348,16.680491714285715,16385.4318
73,119,14.965381417918099,12.908369714285714,12693.667800000001
75,0,19.080516505341922,13.2692004,12427.688199999997
75,3,14.653773832062393,9.571976,11049.3954
75,4,11.963731196435166,8.416374685714286,8788.4274
75,6,20.538430795333863,14.540632400000002,13471.6772
75,8,16.36308655392785,9.162496799999998,9139.9086
75,10,18.564902012452492,9.8210208,10300.768999999997
75,12,22.064509800600746,18.726857400000004,11848.274
75,14,19.419018119314952,12.35868197142857,19204.778000000002
75,16,12.614342310533575,6.5874156,7324.2098
75,18,9.202988939232117,5.528318400000001,6198.3863999999985
75,20,9.705727611822327,4.990783199999999,5343.6939999999995
75,22,13.070117326271289,7.030816799999999,7632.0054
75,24,11.873005619098501,6.9520728,7145.735999999999
75,27,29.177526657608635,16.9598022,13469.159399999999
75,28,16.605633849701533,11.865546057142856,17106.565599999994
75,30,16.22162372706735,10.87412297142857,16439.586199999998
75,32,17.34960928992063,7.864938399999997,8312.5896
75,34,16.959615596899926,6.776744399999998,6867.7076
75,36,12.50686514175846,4.744285199999999,5735.883599999999
75,38,15.536287547465616,6.297004799999997,6915.9216
75,40,13.257374225500257,4.605309599999998,5506.1756
75,42,9.233490640777983,4.410889199999999,4867.354799999999
75,44,7.884017124231315,4.4477136,5070.076800000001
75,46,10.957250602102183,3.7577807999999995,4368.7896
75,48,2.674542383099675,1.4014175999999998,2443.3525999999997
75,50,6.176219493366586,1.5581735999999997,2653.821999999999
75,52,7.921791351467598,3.5067659999999994,4511.6882
75,56,21.530427005380066,11.861920399999999,9650.699400000001
75,59,30.794817102188212,18.5445812,13841.247400000002
75,61,18.729107666375615,13.291339999999998,13948.901800000001
75,63,13.44217131084751,7.152865199999998,10135.1058
75,65,8.963552397576867,4.9844448,5181.247200000001
75,67,8.998667613278286,2.2753283999999994,3529.7653999999993
75,69,2.1256273856186807,0.4337376,1820.8626
75,71,5.391551383714392,2.4947099999999995,3246.3363999999997
75,73,3.0053100412615543,1.8483156000000003,2565.9518000000003
75,77,13.176825481770928,1.3694939999999995,2261.1958000000004
75,80,17.708645160253372,8.096729999999999,7747.305399999999
75,82,22.946702088279864,11.650050199999999,10865.6174
75,84,37.55032415442949,25.297386200000002,17242.8174
75,86,21.874166134224186,14.676939599999997,16385.076399999998
75,88,18.429648628471753,11.237903999999997,13519.213399999999
75,89,7.506672241516012,5.912625299999999,5224.732600000001
75,91,4.080781463105767,2.5181280000000004,3398.8502000000008
75,93,3.658738288084602,1.6665480000000001,2735.7086
75,95,7.1465179640471055,5.7167544,5642.8388
75,97,6.74667662729081,5.3832146000000005,5342.9998000000005
75,99,5.8686500026803685,3.8920040000000005,4932.3348
75,101,8.853561516812105,5.766075200000001,6494.060800000001
75,103,6.959335078114042,4.9746516000000005,6485.890800000001
75,105,6.896741745901191,4.348292,5412.4216
75,107,8.986159546889246,6.345922,6401.1746
75,110,11.045067385258166,8.583472085714286,9880.858800000002
75,111,8.073480879079414,5.7408598,7483.577800000001
75,113,7.749223258554468,5.5062838,7209.9058
75,116,17.443458816013752,14.387308628571432,10511.248600000003
75,117,17.946335450544993,15.1974224,14050.056600000002
75,119,14.164771714315744,11.425300400000001,10358.2926
77,0,24.966873450023726,15.5409892,12302.04625
77,3,26.269670732420348,12.534122,13834.180499999999
77,4,23.579628096793122,11.030811085714287,11573.2125
77,6,26.473929940049132,16.812421200000003,13367.565250000001
77,8,18.27981854944542,11.434285599999997,8879.79325
77,10,20.06044850131504,11.937096399999998,9333.42525
77,12,18.891399913525756,17.279158200000005,9819.497250000002
77,14,31.41436709757302,15.320827971428571,24092.735250000005
77,16,24.230239210891533,9.549561599999999,11410.904499999997
77,18,20.818885839590077,8.1427548,8983.1715
77,20,14.175005083142306,7.278119200000001,7662.195250000001
77,22,14.565663815133837,8.776264,6664.775250000001
77,24,13.36855210796105,8.1926044,6178.39225
77,27,19.577741095139856,14.5069734,10908.200249999998
77,28,28.6009828279596,14.827692057142858,21462.39125
77,30,28.216972705325418,13.83626897142857,21007.385250000003
77,32,29.064236068890565,10.827084399999999,11826.079000000002
77,34,28.67424237586986,9.738890399999999,10908.040749999998
77,36,24.146029936742966,7.706431199999999,10248.736999999997
77,38,26.444751152569207,9.259150799999999,10015.4135
77,40,24.972001004470194,7.567455599999999,9019.664999999999
77,42,20.87265543576249,7.373035199999999,8371.3955
77,44,18.545392998707392,7.062150000000001,7773.809500000001
77,46,22.59641539708669,6.719926799999999,7546.612500000001
77,48,12.756416377151808,4.363563599999999,3969.9662500000004
77,50,13.639129539477137,3.8455095999999993,6096.22025
77,52,9.417337840330145,5.794101999999999,4064.9192500000004
77,56,11.930641442911282,9.4090916,7089.740249999999
77,59,21.195031539719434,16.0917524,11280.28825
77,61,30.724456644633683,16.253486,18024.837249999997
77,63,25.437520289105578,10.115011199999998,10973.63525
77,65,19.37635358125932,7.946590799999999,7045.74225
77,67,20.657020742859967,5.237474399999999,4781.762249999999
77,69,12.559993694140452,3.3958835999999994,3247.1032500000006
77,71,15.77423354251567,5.456855999999999,5152.30725
77,73,13.387992200062834,4.4645616,3942.8662499999996
77,75,8.047878399475566,1.0555559999999997,1296.8302500000002
77,80,8.10885959778459,5.6439012,5186.346249999999
77,82,13.346916525811086,9.1972214,8304.658249999999
77,84,27.95053859196071,22.844557400000003,14681.858249999997
77,86,33.869515112482254,17.639085599999998,20365.352250000004
77,88,30.42499760672982,14.200049999999997,17499.48925
77,89,19.50202121977408,8.874771299999999,7508.455249999999
77,91,15.796305223257594,5.450770799999999,4959.50925
77,93,15.36567296580324,4.282794,3986.1952499999998
77,95,19.141866942305175,8.6493972,7756.876249999999
77,97,18.74202560554888,8.315857399999999,7457.037249999999
77,99,17.906115524459203,6.824646799999999,6333.38525
77,101,20.891027038590938,8.698718,7895.111250000001
77,103,18.99680059989288,7.9072944,7886.941250000002
77,105,18.60367642361983,6.964538,6662.9082499999995
77,107,20.693094224607883,8.962168,7651.66125
77,110,23.082532907037006,11.516114885714288,11281.909250000004
77,111,20.110946400858253,8.6735026,8884.628250000002
77,113,19.786688780333307,8.4389266,8610.956250000003
77,116,12.773082137545334,12.740313428571433,10784.194500000005
77,117,24.478343806735833,17.8136684,20233.283500000005
77,119,19.135611959626974,14.041546400000001,15796.608500000002
80,0,27.3996383247114,17.321524000000004,15850.9995
80,3,28.702435607108022,19.2438428,19657.887500000004
80,4,26.012392971480796,17.74053188571428,17396.9195
80,6,28.906694814736806,18.592956000000004,16916.518500000002
80,8,20.712583424133094,13.214820399999999,12428.746500000003
80,10,22.493213376002714,13.7176312,12882.3785
80,12,15.973813838738952,15.836343599999998,10039.475999999999
80,14,37.609218161853775,22.030548771428574,23068.763500000005
80,16,26.663004085579207,16.259282400000004,17234.6115
80,18,23.25165071427775,14.852475599999996,14806.8785
80,20,16.60776995782998,11.753702800000001,11211.148500000001
80,22,16.99842868982151,10.5567988,10213.728500000001
80,24,10.454724344506193,9.973139200000002,7281.223
80,27,7.216966247920251,6.253023000000001,6115.7955
80,28,36.625399789364536,21.537412857142858,23099.077500000003
80,30,35.820191506655455,20.545989771428573,21584.2045
80,32,32.476315945410796,17.536805199999996,18293.1765
80,34,31.14613292618847,16.448611200000002,17604.384500000004
80,36,26.57879481143064,14.416152000000002,16057.056500000002
80,38,30.790199766118363,15.968871600000002,16896.5085
80,40,28.384080880990425,14.277176400000004,15486.7625
80,42,23.30542031045016,14.082756000000002,14020.048500000004
80,44,20.978157873395066,13.771870799999999,13288.658500000001
80,46,25.029180271774365,13.429647600000003,13723.961500000001
80,48,20.102283716377983,11.073284400000002,12489.534499999996
80,50,16.07189441416481,10.3091158,9645.1735
80,52,11.850102715017819,7.871554600000001,7613.872500000001
80,56,3.8812506121053354,3.7864856,3996.5549999999994
80,59,8.834256692499828,7.837802000000002,6176.702250000001
80,61,38.4168813437802,22.96320680000001,21610.551500000005
80,63,31.999463518245694,16.824732000000004,18159.3025
80,65,29.864842971867024,14.656311600000002,15565.3105
80,67,24.44203821273367,11.947195200000003,14007.790500000003
80,69,24.23394080107423,10.105604400000002,11766.671499999999
80,71,27.44818064944944,12.166576800000001,13671.8755
80,73,25.061939306996607,11.174282400000003,12462.4345
80,75,15.661803061844394,7.765276800000002,10023.891500000002
80,77,10.479304317498947,5.643901200000001,8048.5855
80,82,0.9861416785914809,0.9432710000000002,2257.80125
80,84,15.58976374474111,14.590607000000002,9578.272250000002
80,86,42.902592468836936,24.348806400000008,24429.364500000007
80,88,39.4580749630845,20.909770800000008,21563.501500000006
80,89,31.058565944882982,15.5844921,16291.556499999999
80,91,27.470252330191368,12.160491600000002,14023.597499999998
80,93,26.880101147391375,10.992514800000002,13942.914500000003
80,95,30.698411667414078,15.359118000000002,17158.002500000002
80,97,30.298570330657782,15.025578200000002,16858.163500000006
80,99,29.42054370604734,13.534367600000003,16290.104500000005
80,101,32.40545522017908,15.408438800000003,17851.830500000004
80,103,30.511228781481016,14.617015200000003,17843.6605
80,105,30.118104605207964,13.674258800000002,16619.627500000002
80,107,32.20752240619602,15.671888800000001,17608.380500000003
80,110,34.59696108862514,18.225835685714287,21238.628500000003
80,111,31.62537458244639,15.383223400000004,18841.347500000003
80,113,31.301116961921444,15.148647400000003,18567.6755
80,116,24.01779848341619,19.092537428571433,19154.965500000002
80,117,35.72306015260669,24.523389199999997,28604.054500000006
80,119,30.380328305497834,20.751267199999997,24167.379500000003
82,0,32.12060117737179,20.8748646,15648.548500000003
82,3,33.42339845976841,22.797183399999998,19455.436500000003
82,4,30.73335582414118,21.293872485714285,17194.468500000003
82,6,33.627657667397195,22.146296599999996,16714.067500000005
82,8,25.433546276793482,16.768160999999996,12226.295500000004
82,10,27.2141762286631,17.270971799999995,12679.927500000003
82,12,17.825695632013108,17.424051399999996,9413.718499999997
82,14,42.33018101451415,25.583889371428572,22866.312500000007
82,16,31.383966938239592,19.812623,17032.160499999998
82,18,27.972613566938136,18.4058162,14604.427500000003
82,20,21.328732810490365,15.307043399999998,11008.697500000002
82,22,21.719391542481898,14.110139399999996,10011.277500000002
82,24,12.30660613778035,11.9075454,6655.465499999999
82,27,8.248714068363581,7.196294000000001,4923.631500000001
82,28,41.346362642024914,25.090753457142856,22896.626500000006
82,30,40.54115435931583,24.09933037142857,21381.753500000006
82,32,37.197278798071174,21.0901458,18090.725500000008
82,34,35.867095778848864,20.00195179999999,17401.933500000006
82,36,31.299757664091025,17.969492600000002,15854.605500000003
82,38,35.51116261877875,19.522212200000002,16694.057500000003
82,40,33.10504373365081,17.830517,15284.311500000002
82,42,28.026383163110545,17.636096600000002,13817.597500000005
82,44,25.69912072605545,17.3252114,13086.207500000004
82,46,29.75014312443475,16.9829882,13521.510500000006
82,48,24.823246569038368,14.626624999999999,12287.083499999997
82,50,20.792857266825195,13.862456399999997,9442.722500000003
82,52,16.571065567678204,11.424895199999998,7411.421500000002
82,56,5.73313240537949,5.3741934,3370.7974999999997
82,59,9.866004512943158,8.781073000000001,4886.726500000002
82,61,43.137844196440575,26.5165474,21408.100500000008
82,63,36.72042637090607,20.378072599999996,17956.851500000004
82,65,34.585805824527405,18.2096522,15362.859500000002
82,67,29.163001065394056,15.5005358,13805.339500000006
82,69,28.954903653734615,13.658945,11564.2205
82,71,32.169143502109826,15.719917399999998,13469.424500000001
82,73,29.78290215965699,14.727623,12259.9835
82,75,20.38276591450478,11.318617399999999,9821.4405
82,77,15.200267170159332,9.1972418,7846.134500000002
82,80,1.0317478204433301,0.943271,967.8254999999999
82,84,16.621511565184438,15.533878000000001,8288.296500000002
82,86,47.6235553214973,27.902147,24226.91350000001
82,88,44.17903781574486,24.4631114,21361.05050000001
82,89,35.779528797543385,19.137832700000004,16089.105500000001
82,91,32.19121518285175,15.713832199999999,13821.1465
82,93,31.60106400005176,14.545855399999999,13740.463500000003
82,95,35.41937452007447,18.912458600000004,16955.5515
82,97,35.019533183318174,18.5789188,16655.7125
82,99,34.141506558707725,17.087708199999998,16087.653500000004
82,101,37.12641807283946,18.961779399999998,17649.37950000001
82,103,35.232191634141394,18.170355799999996,17641.209500000004
82,105,34.83906745786835,17.2275994,16417.1765
82,107,36.928485258856405,19.2252294,17405.929500000006
82,110,39.31792394128552,21.77917628571428,21036.177499999998
82,111,36.34633743510677,18.936563999999994,18638.896500000003
82,113,36.02207981458182,18.701987999999993,18365.224500000004
82,116,28.738761336076575,22.645878028571435,18952.514500000005
82,117,40.44402300526708,28.076729799999995,28401.603500000005
82,119,35.10129115815822,24.304607799999996,23964.928500000005
84,0,42.59517021706348,30.93256700000001,22011.7155
84,3,43.89796749946012,32.854885800000005,25818.60350000001
84,4,41.207924863832886,31.351574885714285,23557.635500000004
84,6,44.10222670708888,32.203999,23077.2345
84,8,35.90811531648518,26.825863400000006,18589.4625
84,10,37.68874526835481,27.328674200000002,19043.0945
84,12,15.874198548151021,15.289774399999999,10225.805499999999
84,14,52.84548801625159,35.64159177142857,30668.3015
84,16,41.858535977931304,29.870325400000002,23395.327500000003
84,18,38.44718260662985,28.4635186,20967.594500000003
84,20,31.803301850182073,25.3647458,17371.864500000003
84,22,32.1939605821736,24.1678418,16374.444500000003
84,24,19.282481423864755,18.8342684,12016.044500000002
84,27,5.0719580363601375,4.663996399999999,4912.916499999999
84,28,51.86166964376236,35.14845585714286,30698.6155
84,30,51.05646136105328,34.157032771428575,29183.7425
84,32,47.71258579980863,31.147848200000002,25892.714500000002
84,34,46.34166481854056,30.059654199999994,23765.1005
84,36,41.77432670378272,28.027195000000006,22217.772500000003
84,38,46.026469620516195,29.579914600000006,24051.440500000008
84,40,43.89627671730772,27.888219400000004,22197.055500000006
84,42,38.500952202802246,27.693799000000006,20180.7645
84,44,36.173689765747156,27.3829138,19449.3745
84,46,40.224712164126444,27.040690600000005,19884.677499999998
84,48,35.29781560873007,24.684327400000008,18650.250500000002
84,50,31.267426306516896,23.920158800000003,15805.889500000003
84,52,27.045634607369905,21.482597600000005,13774.588500000002
84,56,12.709007691463901,12.300916400000002,8731.3765
84,59,1.5653737667537635,1.5384143999999995,2574.5454999999993
84,61,53.65315119817802,36.574249800000004,27771.26750000001
84,63,47.19499541059778,30.435775,24320.018500000006
84,65,45.06037486421911,28.267354600000008,21726.0265
84,67,39.637570105085764,25.558238200000005,20168.506500000003
84,69,39.429472693426305,23.716647400000006,17927.3875
84,71,42.643712541801534,25.777619800000007,19832.591500000002
84,73,40.25747119934869,24.78532540000001,18623.150500000003
84,75,30.85733495419648,21.376319800000005,16184.607500000002
84,77,25.674836209851037,19.254944200000004,14209.301500000005
84,80,11.506316860135033,11.000973400000001,7330.992500000001
84,82,12.492458538726515,11.944244400000002,8274.263500000001
84,86,58.098124361189015,37.959849399999996,30590.08050000001
84,88,54.65360685543658,34.5208138,27724.21750000001
84,89,46.25409783723508,29.195535100000008,22452.2725
84,91,42.66578422254346,25.771534600000006,20184.313499999997
84,93,42.07563303974346,24.603557800000004,20103.630500000003
84,95,45.893943559766164,28.97016100000001,23318.71850000001
84,97,45.49410222300987,28.636621200000008,23018.87950000001
84,99,44.616075598399426,27.145410600000005,22450.82050000001
84,101,47.600987112531165,29.019481800000005,24012.546500000008
84,103,45.706760673833095,28.228058200000003,24004.37650000001
84,105,45.313636497560054,27.285301800000003,22780.3435
84,107,47.403054298548106,29.282931800000004,23769.0965
84,110,49.79249298097722,31.836878685714286,27399.344500000007
84,111,46.82090647479847,28.9942664,25002.063500000007
84,113,46.49664885427352,28.7596904,24728.39150000001
84,116,39.21333037576829,32.703580428571435,25315.68150000001
84,117,50.91859204495879,38.134432200000006,34764.77050000001
84,119,45.575860197849934,34.3623102,30328.09550000001
86,0,38.09975625236655,23.7737964,20149.823000000004
86,3,31.045746858488936,17.623709399999996,13848.880999999996
86,4,28.504987659118967,18.214036485714278,14188.073999999997
86,6,39.55767054235849,25.019392399999997,21193.812000000005
86,8,35.755897386328925,22.0875336,18547.729
86,10,40.8998620569359,23.5951992,20106.04400000001
86,12,53.31591295262637,34.507144200000006,22882.410999999996
86,14,17.87699376500791,15.104287035714282,13209.296999999999
86,16,25.685937315086907,13.725578199999996,10748.566999999997
86,18,25.812917170978547,15.532331399999997,11669.496999999996
86,20,28.724967358846953,16.1070912,13760.902000000002
86,22,34.758832767993155,20.460162,17191.586
86,24,35.484108695095486,21.653025600000003,18179.872999999996
86,27,60.428929809634255,33.285651,26652.421999999995
86,28,12.546465761036353,10.786305599999999,9124.273000000001
86,30,16.087967109809593,12.212597749999999,11724.737999999998
86,32,16.397846149908876,12.426739199999997,12015.05
86,34,19.561152951248932,11.063033999999996,14524.823
86,36,22.47188917396693,12.299838999999997,9560.450999999997
86,38,14.931803105288225,8.812616399999998,7479.532
86,40,20.276857229657903,11.3543052,8943.880999999998
86,42,23.96176519412339,12.8863824,10775.851999999999
86,44,26.329460135066597,14.343048,12088.224999999999
86,46,21.32259785954146,12.0171276,10165.175000000003
86,48,21.797323199393503,13.467655200000003,11144.212000000003
86,50,27.51812640282743,16.101992400000004,13802.320000000003
86,52,30.979794686497907,17.986896000000005,15124.764999999996
86,56,52.781830157405686,28.187769200000005,22833.961999999996
86,59,62.046220254213836,34.87043,27024.51
86,61,6.169221196458524,5.859925999999998,3737.1339999999996
86,63,10.53707497669503,6.075567599999999,5198.658
86,65,13.008337452351045,7.946324399999999,6757.622
86,67,19.234609146203614,11.128075200000001,9409.081000000002
86,69,22.429318115694194,13.3763028,14250.821
86,71,18.28386176795513,12.130786599999999,11863.595999999998
86,73,21.099771459003353,14.1592834,13554.009999999998
86,75,23.5338516511533,14.732294400000002,14252.011
86,77,40.11857223749612,17.695342800000002,19361.857000000004
86,80,48.96004831227899,24.422578800000004,20930.567999999996
86,82,54.19810524030549,27.975899,24048.879999999997
86,84,68.80172730645512,41.623234999999994,30426.079999999998
86,88,2.3215905576401727,2.0144579999999994,1814.3999999999996
86,89,14.784141061930788,9.968202599999998,10063.307999999997
86,91,18.394602141978993,12.233006199999998,11948.778999999999
86,93,24.281415746398512,18.506417999999996,20328.621000000006
86,95,16.792264999914522,12.158282199999999,13174.237000000001
86,97,16.392423663158226,11.823454599999998,12874.398000000001
86,99,17.86417667476038,13.316281799999997,14415.370000000003
86,101,20.82642045358487,15.103236999999998,15748.716
86,103,18.575280075677497,14.022644399999997,15592.641000000003
86,105,20.15152758855567,15.187652314285712,17057.510000000002
86,107,23.72889215446043,18.08380911428571,19470.97400000001
86,110,22.661012382821625,17.631464885714283,18987.609000000004
86,111,19.689425876642872,14.788852599999998,16590.328
86,113,19.365168256117926,14.554276599999998,16316.656000000003
86,116,32.18619142358494,26.27879471428571,23581.04800000001
86,117,30.893806590675556,25.57199011428571,26545.86900000001
86,119,27.112242854446308,21.79986811428571,22854.105000000007
88,0,33.042071883487104,20.3347608,17741.849000000002
88,3,25.988062489609487,14.184673800000004,11440.906999999997
88,4,23.447303290239518,14.775000885714286,11780.099999999999
88,6,34.499986173479044,21.5803568,18785.838000000003
88,8,30.69821301744948,18.648497999999996,16139.755
88,10,35.84217768805645,20.156163600000003,17698.070000000003
88,12,48.25822858374691,31.06810860000001,20474.436999999998
88,14,12.819309396128459,11.665251435714286,10801.322999999997
88,16,20.628252946207457,10.2865426,8340.593
88,18,20.755232802099098,12.093295800000002,9261.522999999997
88,20,23.667282989967504,12.668055599999999,11352.928
88,22,29.701148399113702,17.0211264,14783.612000000001
88,24,30.42642432621603,18.213990000000003,15771.898999999998
88,27,55.3712454407548,29.846615399999994,24244.447999999993
88,28,7.488781392156902,7.34727,6716.299
88,30,11.030282740930142,8.77356215,9316.764
88,32,11.340161781029423,8.987703600000001,9607.076000000001
88,34,14.503468582369477,7.623998400000001,12116.848999999998
88,36,17.41420480508748,8.860803400000002,7152.477000000001
88,38,9.874118736408771,5.373580800000002,5071.558000000001
88,40,15.219172860778455,7.915269600000001,6535.906999999999
88,42,18.90408082524394,9.4473468,8367.878
88,44,21.271775766187147,10.9040124,9680.251
88,46,16.26491349066201,8.578092000000002,7757.201000000001
88,48,16.739638830514046,10.028619600000003,8736.238000000001
88,50,22.460442033947974,12.662956800000003,11394.346000000003
88,52,25.92211031761845,14.547860400000001,12716.790999999997
88,56,47.72414578852623,24.7487336,20425.987999999994
88,59,56.98853588533438,31.431394399999995,24616.535999999996
88,61,2.461624781682848,2.459592,1986.1969999999997
88,63,5.479390607815579,2.636532000000001,2790.684000000001
88,65,7.950653083471592,4.507288800000001,4349.648000000001
88,67,14.17692477732416,7.689039600000002,7001.107000000002
88,69,17.371633746814744,9.937267199999999,11842.847000000002
88,71,13.22617739907568,8.691751000000002,9455.622
88,73,16.042087090123903,10.720247800000003,11146.036
88,75,18.47616728227385,11.293258800000002,11844.037
88,77,35.06088786861667,14.2563072,16953.883000000005
88,80,43.902363943399536,20.9835432,18522.593999999994
88,82,49.14042087142603,24.536863399999994,21640.905999999995
88,84,63.74404293757566,38.18419939999999,28018.105999999996
88,86,2.015067649799303,2.0144580000000003,2272.289
88,89,9.726456693051334,6.529167000000001,7655.334000000001
88,91,13.336917773099541,8.793970600000002,9540.805
88,93,19.22373137751906,15.067382399999998,17920.647000000004
88,95,11.734580631035072,8.7192466,10766.263000000003
88,97,11.334739294278776,8.384419,10466.424000000003
88,99,12.80649230588093,9.8772462,12007.396000000004
88,101,15.768736084705427,11.664201400000001,13340.742000000002
88,103,13.517595706798048,10.5836088,13184.667000000005
88,105,15.093843219676215,11.748616714285715,14649.536000000004
88,107,18.671207785580975,14.644773514285713,17063.000000000004
88,110,17.60332801394217,14.192429285714288,16579.635000000006
88,111,14.63174150776342,11.349817000000002,14182.354000000007
88,113,14.307483887238474,11.115241000000001,13908.682000000004
88,116,27.12850705470548,22.839759114285716,21173.074000000004
88,117,25.8361222217961,22.132954514285714,24137.895000000004
88,119,22.05455848556685,18.360832514285715,20446.131
89,0,28.286113689202182,17.7177,16459.4744
89,3,21.420341805427046,11.727673000000003,10955.338
89,4,18.87958260605708,12.318000085714283,11294.530999999999
89,6,29.744027979194122,18.963296,17503.4634
89,8,25.94225482316456,15.890395200000002,14857.380399999998
89,10,31.086219493771534,16.5489192,16415.6954
89,12,38.14029627453848,26.349789,18594.8756
89,14,9.971053977402104,9.650544735714288,13941.0764
89,16,16.060532262025024,7.8295418,7855.024
89,18,16.187512117916658,9.636294999999999,8775.954
89,20,18.911324795682585,10.050994799999998,10070.553399999999
89,22,24.945190204828783,13.884491399999996,13501.237400000002
89,24,25.670466131931104,14.026570199999998,14489.524399999995
89,27,45.253313131546356,24.445997399999992,21433.774399999995
89,28,7.157669707788687,7.142849164285714,11310.732399999999
89,30,6.773659585154507,6.75885545,10855.726400000003
89,32,9.198027939058889,7.046276199999999,9119.4934
89,34,12.671921136880776,5.682570999999999,7538.4313999999995
89,36,12.846484120905037,6.4038026,6666.908
89,38,6.086116846571601,3.4321533999999994,4291.8009999999995
89,40,10.463214666493526,5.2982088,5776.5124
89,42,14.336360141061501,6.830285999999999,7164.291399999999
89,44,16.515817571902218,8.286951599999998,8397.8764
89,46,11.508955296377081,5.961031200000001,6474.8264
89,48,9.051385395588298,5.8123116,6330.6900000000005
89,50,17.704483839663048,8.8000092,9557.3008
89,52,21.166152123333525,10.360440599999997,11140.743799999998
89,56,37.60621347931779,19.348115599999996,17615.314399999996
89,59,46.87060357612594,26.030776399999993,21805.862399999995
89,61,9.281143524462767,8.918194799999998,7873.178400000002
89,63,3.994207168934664,3.793824,4029.7090000000003
89,65,3.3342351435276703,2.3814072,2802.1166000000003
89,67,9.420966583039233,5.071978800000001,5718.7324
89,69,6.9442494011407225,4.7203512,6280.637799999999
89,71,2.798793053401657,1.932834,3893.4127999999996
89,73,5.511631228505361,3.9613308,5464.513400000001
89,75,8.181557277845227,5.8926408,6922.224799999999
89,77,24.766277864188048,8.855689199999999,9628.8006
89,80,33.784431634191094,15.582925199999998,15711.920399999997
89,82,39.02248856221759,19.136245399999993,18830.2324
89,84,53.626110628367215,32.78358139999999,25207.432399999998
89,86,12.426201992311343,9.897638399999998,10213.693399999998
89,88,8.981684486558908,6.458602799999999,7347.830399999999
89,91,1.9810636787970242,1.9809832,3735.5894
89,93,10.526531661755788,8.3805984,10680.154400000003
89,95,3.037380915271796,2.36467,5561.1798
89,97,2.6375395785155007,2.0298423999999997,5261.3408
89,99,4.109292590117656,3.5226695999999995,6587.994400000001
89,101,7.07153636894215,5.3096248,8135.6588
89,103,4.820395991034773,4.2290322,7979.583800000002
89,105,6.396643503912942,5.394040114285714,9444.452800000003
89,107,9.9740080698177,8.290196914285714,11857.916800000003
89,110,8.906128298178897,7.837852685714285,11374.551800000001
89,111,5.934541792000145,4.995240399999999,8977.270800000002
89,113,5.610284171475199,4.7606644,8703.598800000002
89,116,18.431307338942204,16.485182514285714,15967.9908
89,117,17.138922506032827,15.778377914285713,18932.8118
89,119,13.357358769803579,12.006255914285713,15241.0478
91,0,30.206670949358436,17.2630776,14998.571799999996
91,3,24.981390096529065,11.536750399999999,10834.846199999998
91,4,22.440630897159096,11.925764285714282,11174.039199999997
91,6,31.664585239350377,18.508673599999998,16042.560799999997
91,8,27.862812083320815,14.476493999999997,12831.818800000001
91,10,31.648114808566284,15.135017999999999,14083.632199999998
91,12,35.14772259671453,23.81712180000001,15845.567599999998
91,14,15.107288457518585,12.991731435714286,17694.2428
91,16,19.621580553127036,8.55219,8117.099400000001
91,18,19.748560409018676,9.244059199999997,8264.5756
91,20,20.83188205583884,9.596372399999998,8609.6508
91,22,25.776335831505524,12.470590199999997,11321.8682
91,24,24.95621841521229,12.612668999999999,11143.029599999998
91,27,42.01410878002834,21.044937,17095.1322
91,28,12.29390418790517,10.484035864285714,15063.8988
91,30,11.909894065270992,10.10004215,14608.892800000001
91,32,14.33426241917537,9.178183700000002,14366.2772
91,34,16.232969427982795,7.814478500000001,8511.687000000002
91,36,16.407532412007058,6.709059599999998,6769.615
91,38,9.647165137673618,5.564060900000001,6871.091
91,40,14.024262957595544,6.570083999999998,8360.893
91,42,16.45923333587531,6.3756635999999975,5723.085799999999
91,44,18.43637483205848,7.8323291999999975,6936.9738
91,46,14.79570979889296,5.722555199999999,5178.828799999999
91,48,7.011037556971746,4.586470799999999,4232.0918
91,50,17.879576142745734,7.344822000000001,6148.95
91,52,20.78511360004118,8.946539399999997,8421.948599999998
91,56,34.36700912779977,15.947055200000001,13276.6722
91,59,43.63139922460792,22.629716000000002,17467.220200000003
91,61,14.41737800457925,12.064206300000002,11626.3448
91,63,9.130441649051145,5.9257315,7107.239
91,65,2.5787675663637297,1.4348376000000003,2343.4044000000004
91,67,11.991511754858832,4.240102799999999,3943.4518
91,69,4.1176111699929265,3.032492399999999,2968.534
91,71,1.1004302700877089,0.9832331999999999,1681.6254000000001
91,73,2.1125555888208947,1.2143175999999998,1583.4726
91,75,4.739160178758263,2.5181280000000004,2843.2964
91,77,21.32388076510108,5.454628799999999,5198.0442
91,80,30.54522728267308,12.181864800000001,11373.278199999997
91,82,35.78328421069957,15.735185000000001,14491.5902
91,84,50.386906276849196,29.382521,20868.7902
91,86,17.562436472427823,13.2388251,13966.8598
91,88,14.117918966675388,9.7997895,11100.996799999999
91,89,1.9633349756265954,1.9625763999999999,1939.714
91,93,8.510744182179636,4.501072800000001,4443.017600000001
91,95,3.065736500941339,2.5642392000000003,2578.4308
91,97,2.6658951641850437,2.2294116,2264.9998
91,99,1.7139234360249471,1.373876,2977.5844
91,101,4.6988349501566855,3.2479471999999996,4491.0386
91,103,2.8046085114586203,2.4565236,4442.0864
91,105,4.380856024336788,3.621531514285714,5939.866000000001
91,107,7.958220590241545,6.517688314285714,8353.330000000002
91,110,6.890340818602745,6.065344085714287,7869.965000000001
91,111,3.918754312423992,3.2227318,5472.684
91,113,3.594496691899046,2.9881558,5199.012000000001
91,116,16.41551985936605,14.712673914285714,12463.404
91,117,15.123135026456673,14.005869314285714,15428.225000000002
91,119,11.341571290227424,10.233747314285713,11736.461000000001
93,0,28.97940005103659,17.6948526,15852.533499999998
93,3,24.786442893166654,13.291547600000001,14519.197499999995
93,4,22.09640025753943,12.725809485714283,12258.229499999996
93,6,30.43731434102853,18.9404486,16896.5225
93,8,25.115899468297485,13.781748000000002,11990.5055
93,10,28.697571073556766,14.440272,13153.510499999999
93,12,32.19717886170501,22.649724600000006,14701.0155
93,14,19.744186328327377,16.078253571428572,24819.371500000005
93,16,21.382703359222166,10.3069872,8841.1475
93,18,19.335658000336384,9.837753199999996,9668.188499999998
93,20,19.516725493648174,9.610034400000002,8514.0775
93,22,22.82579209649601,11.650068,10484.718499999999
93,24,22.005674680202773,11.571323999999999,9998.477499999997
93,27,39.01352573685686,19.8775398,15608.1505
93,28,16.930802058713958,15.585117657142858,22189.0275
93,30,16.546791936079774,14.593694571428571,21734.021500000003
93,32,18.971160289984162,11.584509999999998,16590.475000000002
93,34,21.725698862646833,10.496316,11846.548999999999
93,36,18.215383510860303,8.4638568,7387.4175
93,38,15.86145575647804,10.016576399999998,8567.4555
93,40,18.023457491247168,8.3248812,7157.709499999999
93,42,18.0688485840784,8.1304608,6995.692499999999
93,44,18.016686185335583,8.757148399999998,8209.5805
93,46,16.40532504709605,7.4773524,6451.4355
93,48,6.474044111803482,5.2641512,4487.799500000001
93,50,14.92903240773622,6.177424800000001,5653.5695
93,52,17.834569865031664,8.1260172,7277.3965
93,56,31.366426084628294,14.779658000000001,11789.6905
93,59,40.630816181436444,21.462318800000002,15980.238500000003
93,61,19.05427587538804,17.0109116,18751.473500000004
93,63,13.767339519859934,10.8724368,15115.2145
93,65,11.130706387797737,7.537617600000001,6739.985500000001
93,67,13.60112700306192,5.9949,5216.058499999999
93,69,5.504099954342403,4.296471200000001,3681.3995000000004
93,71,7.528586349054089,4.966772400000001,4846.550499999999
93,73,5.142345006601251,3.5154432000000004,3637.1095
93,75,2.1370349653396965,1.6671276,2096.8465
93,77,18.323297721929602,4.2872316,4280.2665
93,80,27.5446442395016,11.014467600000001,9886.2965
93,82,32.782701167528096,14.567787800000001,13004.608500000002
93,84,47.38632323367772,28.215123800000004,19381.8085
93,86,22.19933434323661,18.3965112,21091.988500000003
93,88,18.754816837484178,14.957475599999999,18226.125500000002
93,89,9.773132350925271,8.4657981,8344.332999999999
93,91,6.548347272505662,4.5016524,4458.950500000001
93,95,8.00132623024193,7.293408542857141,7174.6325
93,97,7.666662931316168,6.959868742857141,6840.8135
93,99,7.009458037335968,5.8755284,5832.826500000001
93,101,5.6566930090881895,5.6566906,4445.327
93,103,4.264629407504847,4.2646294,3285.2760000000003
93,105,1.4511617361026266,1.4077179999999998,2038.4804999999997
93,107,3.5405795370906814,3.405348,3027.2334999999994
93,110,7.968903432497084,7.576342171428571,7504.629499999999
93,111,4.997316926318332,4.733729885714284,5107.3485
93,113,3.9795340454765906,3.879732399999999,4098.4925
93,116,11.997878806215187,11.6003336,7137.307499999999
93,117,12.50075544074643,12.256848400000003,10676.1155
93,119,8.719191704517181,8.484726400000001,6984.351499999999
95,0,30.589766426049092,19.8661242,18456.637000000002
95,3,23.72399454227396,13.8760972,13151.701999999996
95,4,21.18323534290399,14.466424285714282,13490.894999999997
95,6,32.047680716041036,21.1117202,19500.626000000004
95,8,28.24590756001147,17.263304400000003,16854.542999999998
95,10,33.38987223061845,17.921828400000003,16866.502
95,12,37.910251441466194,27.332876400000004,17896.409999999996
95,14,12.272500155267846,11.930629735714284,16354.922999999999
95,16,18.364184998871934,9.977965999999997,10051.387999999999
95,18,18.49116485476357,11.784719199999998,10972.317999999997
95,20,21.214977532529495,12.199418999999997,12067.715999999999
95,22,27.248842941675694,15.257400599999997,15498.4
95,24,27.718747259963948,15.399479399999999,13193.871999999996
95,27,44.77663762478,24.560691599999995,18184.676999999996
95,28,9.45911588565443,9.422934164285714,13724.579
95,30,9.075105763020252,9.03894045,13269.573
95,32,11.499474116924631,9.194700399999999,16098.184000000001
95,34,14.97557387372769,7.830995199999999,8055.213999999998
95,36,15.150136857751951,8.552226799999998,8863.271999999999
95,38,8.389769583418513,5.5805776,6414.617999999999
95,40,12.76686740334044,7.446632999999999,7904.42
95,42,16.640012877908415,8.978710199999998,9181.150999999998
95,44,18.81947030874914,10.435375799999997,10395.038999999997
95,46,13.812608033223995,8.1094554,8471.989000000001
95,48,9.794447754503151,7.377543599999999,6620.012
95,50,20.008136576509962,10.1729184,8848.964
95,52,23.46980486018044,11.733349799999997,10708.906
95,56,37.12953797255143,19.4628098,14366.216999999999
95,59,46.39392806935958,26.145470599999996,18556.765
95,61,11.58258970232851,11.198279799999998,10287.025000000001
95,63,6.295653346800405,5.9422482,6650.766
95,65,5.674272330412812,4.813080599999999,4930.933999999999
95,67,11.724619319886147,7.031175599999998,7715.895
95,69,6.901021367524333,5.7359088,5251.982999999999
95,71,5.590534580020323,4.727437000000001,3534.462
95,73,5.0676088313599825,3.917734,3219.4220000000005
95,75,7.501689023509925,6.0338826,4409.709
95,77,24.086409609852744,8.9703834,6856.793
95,80,33.30775612742474,15.697619399999999,12462.822999999997
95,82,38.545813055451234,19.250939599999995,15581.134999999998
95,84,53.14943512160086,32.89827559999999,21958.335
95,86,14.727648170177083,12.177723399999998,12627.539999999997
95,88,11.283130664424649,8.738687799999997,9761.677
95,89,2.301446177865741,2.1877085999999992,3117.7200000000003
95,91,2.762528844751663,2.5892184,2076.179
95,93,8.554490534119655,7.650136914285713,8140.069
95,97,0.36026103551485705,0.3598067999999999,369.33400000000006
95,99,2.1372514624815233,2.0971232,2226.818
95,101,5.099495241306018,3.8840784,3560.164
95,103,2.84835486339864,2.8034858,3404.0890000000004
95,105,4.424602376276808,3.968493714285714,4868.9580000000005
95,107,8.001966942181566,6.864650514285714,7282.422
95,110,6.934087170542766,6.412306285714287,6799.056999999999
95,111,3.9625006643640117,3.569694,4401.776
95,113,3.638243043839066,3.335118,4128.104
95,116,16.459266211306073,15.059636114285714,11392.496
95,117,15.166881378396692,14.352831514285715,14357.317000000001
95,119,11.385317642167443,10.580709514285713,10665.553
97,0,30.394789667792452,19.654650200000003,17858.53275
97,3,23.52901778401732,13.664623200000001,14185.943249999997
97,4,20.98825858464735,14.254950285714283,14525.136249999996
97,6,31.852703957784392,20.9002462,18902.52175
97,8,28.05093080175483,16.874169600000002,15957.18975
97,10,33.19489547236181,17.532693599999998,16768.7335
97,12,37.24147469557038,25.742146200000008,17814.848499999996
97,14,12.077523397011207,11.719155735714285,17389.16425
97,16,18.169208240615294,9.766491999999998,11085.629249999998
97,18,18.29618809650693,11.573245199999999,12006.559249999998
97,20,21.020000774272855,11.987944999999998,11469.611749999996
97,22,27.053866183419053,14.742489599999997,14479.464499999998
97,24,27.049970514068143,14.663745599999997,13598.381749999997
97,27,44.10786087888419,22.969961399999995,18074.21875
97,28,9.264139127397792,9.211460164285713,14758.82025
97,30,8.880129004763614,8.82746645,14303.814250000001
97,32,11.304497358667993,8.9832264,17132.425250000004
97,34,14.78059711547105,7.6195212,9089.455249999999
97,36,14.95516009949531,8.340752799999999,9897.51325
97,38,8.194792825161873,5.369103600000001,7448.8592499999995
97,40,12.5718906450838,7.2351589999999995,8938.66125
97,42,16.445036119651775,8.7672362,8583.046749999998
97,44,18.624493550492495,10.223901799999998,9796.934749999997
97,46,13.617631274967355,7.897981399999999,7956.3372500000005
97,48,9.125671008607345,7.0177368,6509.553749999999
97,50,19.81315981825332,9.269846399999999,8480.12525
97,52,22.878865698897037,11.218438799999998,10421.361499999997
97,56,36.46076122665562,17.8720796,14255.75875
97,59,45.72515132346377,24.554740399999996,18446.306750000003
97,61,11.387612944071872,10.986805799999999,11321.26625
97,63,6.100676588543767,5.7307742,7685.007249999999
97,65,5.4792955721561745,4.601606599999999,5965.17525
97,67,11.529642561629506,6.671368799999999,6960.60175
97,69,6.232244621628526,5.376102,5141.52475
97,71,5.230273544505466,4.515963000000001,4231.27125
97,73,4.707347795845125,3.5579272,3469.03275
97,75,6.832912277614119,4.443152400000001,4299.250749999999
97,77,23.417632863956936,7.379653199999999,6746.33475
97,80,32.63897938152893,14.1068892,12352.364749999999
97,82,37.87703630955542,17.660209399999996,15470.676749999999
97,84,52.48065837570505,31.3075454,21847.876750000003
97,86,14.532671411920445,11.966249399999999,13661.781249999998
97,88,11.08815390616801,8.527213799999998,10795.918249999999
97,89,2.106469419609103,1.9762346,3977.5069999999996
97,91,2.0880020115377342,1.9250243999999999,1959.5977499999995
97,93,7.153562708435512,6.268139714285714,7358.818
97,95,0.33466329892576074,0.3335398,1436.4307500000002
97,99,0.7363236367973802,0.7151259999999999,1434.8512500000002
97,101,3.489820156248205,2.2933481999999996,2734.37725
97,103,1.447427037714497,1.4214886,2622.8380000000006
97,105,3.0236745505926654,2.5864965142857144,4087.707
97,107,6.601039116497423,5.482653314285714,6501.170999999999
97,110,5.533159344858622,5.030309085714286,6017.805999999999
97,111,2.5615728386798686,2.1876968,3620.5249999999996
97,113,2.2373152181549227,1.9531207999999998,3346.853
97,116,15.05833838562193,13.677638914285716,10611.244999999999
97,117,13.76595355271255,12.970834314285714,13576.065999999999
97,119,9.9843898164833,9.198712314285714,9884.302
99,0,31.051994561772652,19.9540086,20794.688500000004
99,3,24.18622267799752,14.227681399999998,15489.7535
99,4,21.64546347862755,14.61669528571428,15828.9465
99,6,32.50990885176459,21.1996046,21838.677500000005
99,8,28.70813569573503,16.7592522,16625.82875
99,10,33.67438887842392,17.4177762,17887.66125
99,12,37.173996666572165,25.627228800000005,19063.175499999998
99,14,12.734728290991407,12.374581935714286,18692.974500000004
99,16,18.826413134595494,10.421918199999999,12389.4395
99,18,18.95339299048713,11.934990199999996,13310.3695
99,20,21.677205668253055,12.287303399999997,12821.800999999998
99,22,27.711071077399254,14.627572199999996,15157.452749999997
99,24,26.982492485069926,14.548828199999996,14846.708749999998
99,27,44.04038284988597,22.855043999999996,21598.9645
99,28,9.921344021377992,9.866886364285714,16062.6305
99,30,9.537333898743814,9.48289265,15607.624500000002
99,32,11.961702252648193,9.6386526,18436.235500000003
99,34,15.43780200945125,8.2749474,10393.2655
99,36,15.612364993475511,8.996179,11201.323500000002
99,38,8.851997719142073,6.0245298,8752.6695
99,40,13.229095539064,7.890585199999999,10242.4715
99,42,17.102241013631975,9.066594599999998,11519.2025
99,44,19.281698444472696,10.523260199999998,12733.090499999998
99,46,14.274836168947555,8.4134862,10810.040500000003
99,48,9.058192979609123,7.2774018,7992.729750000001
99,50,19.90585021260337,9.154928999999997,9728.452249999998
99,52,22.811387669898814,11.103521399999996,11669.688499999997
99,56,36.393283197657404,17.757162199999996,17780.504500000003
99,59,45.65767329446555,24.439822999999997,21971.0525
99,61,12.044817838052072,11.642232,12625.076500000001
99,63,6.757881482523967,6.3862004,8988.817500000001
99,65,6.136500466136374,5.257032799999999,7268.9855
99,67,12.186847455609707,6.931033799999999,8573.058500000001
99,69,6.164766592630304,5.6357669999999995,6624.700750000001
99,71,6.54492211206599,5.171389200000001,6121.356000000001
99,73,4.90165438311722,4.4515769999999995,5132.24325
99,75,6.765434248615897,4.328234999999999,5768.210749999999
99,77,23.350154834958715,7.264735799999998,10345.399249999999
99,80,32.57150135253071,13.991971799999998,15877.110499999999
99,82,37.809558280557205,17.545291999999996,18995.4225
99,84,52.41318034670683,31.192627999999996,25372.622499999998
99,86,15.189876305900645,12.6216756,14965.591499999999
99,88,11.74535880014821,9.18264,12099.728499999997
99,89,2.7636743135893025,2.6316607999999992,5455.771500000001
99,91,2.020523982539512,1.8101069999999995,3439.7122499999996
99,93,6.417239071638132,5.553013714285714,7076.736000000001
99,95,0.9918681929059606,0.9889659999999999,2867.9495000000006
99,97,0.6572048939801998,0.6554262,2500.1505
99,101,2.5112958313802776,1.4376791999999998,2961.7329999999997
99,103,0.7111034009171169,0.7063626000000001,2201.8480000000004
99,105,2.2873509137952848,1.8713705142857147,3668.2757500000002
99,107,5.864715479700043,4.767527314285714,6219.089
99,110,4.796835708061241,4.257693085714285,5321.753999999999
99,111,1.8252492018824886,1.4725707999999997,3174.80325
99,113,1.5009915813575427,1.2379947999999998,3064.771
99,116,14.322014748824547,12.962512914285714,10329.163
99,117,13.02962991591517,12.255708314285716,13293.984
99,119,9.248066179685921,8.483586314285715,9602.22
101,0,33.71848448410435,21.371989799999998,20907.0175
101,3,26.852712600329223,15.645662599999998,15602.082499999999
101,4,24.311953400959254,16.034676485714282,15941.2755
101,6,35.17639877409629,22.617585799999997,21951.006500000003
101,8,31.37462561806673,18.177233400000002,16074.942500000001
101,10,35.973688450785474,18.8357574,17237.9475
101,12,39.47329623893373,27.045210000000004,18785.4525
101,14,15.401218213323112,14.172857535714286,18805.3035
101,16,21.492903056927194,12.220193799999997,12501.7685
101,18,21.619882912818834,13.352971399999996,13422.698499999999
101,20,24.343695590584755,13.705284599999995,12598.5145
101,22,30.101909473724714,16.045553399999996,14569.1555
101,24,29.28179205743148,15.966809399999995,14082.914499999999
101,27,46.2895886868644,24.273025199999996,24603.343
101,28,12.587833943709697,11.665161964285714,16174.9595
101,30,12.203823821075519,11.28116825,15719.9535
101,32,14.628192174979898,11.4369282,18548.5645
101,34,18.104291931782953,10.073223,10505.594500000001
101,36,18.278854915807216,10.794454599999998,11313.6525
101,38,11.518487641473778,7.8228054,8864.998500000002
101,40,15.895585461395706,9.688860799999999,10354.800500000001
101,42,19.768730935963678,10.484575799999996,11631.531500000001
101,44,21.9481883668044,11.941241399999996,12845.4195
101,46,16.941326091279265,9.831467399999998,10922.3695
101,48,11.35749255197068,8.695383,7509.0545
101,50,22.205149784964924,10.572910199999997,9221.2455
101,52,25.11068724226037,12.521502599999996,11361.833499999997
101,56,38.64248903463583,19.175143399999996,20784.883
101,59,47.90687913144398,25.857804199999997,24975.431000000004
101,61,14.711307760383777,13.4405076,12737.4055
101,63,9.424371404855671,8.184476,9101.146499999999
101,65,8.802990388468078,7.0553083999999995,7381.3144999999995
101,67,14.853337377941413,8.349014999999998,7220.414499999999
101,69,8.464066164991861,7.053748199999999,6141.0255
101,71,9.205927342704477,6.9696648,6038.039500000001
101,73,7.200953955478777,5.869558199999999,4828.6025
101,75,9.064733820977454,5.746216199999999,5298.7515
101,77,25.64945440732027,8.682716999999998,7745.8355
101,80,34.820707189509136,15.409952999999998,18881.489
101,82,40.05876411753563,18.963273199999996,21999.801
101,84,54.66238618368526,32.6106092,28377.001
101,86,17.85636622823235,14.4199512,15077.920499999997
101,88,14.411848722479915,10.9809156,12212.057499999999
101,89,5.430164235921008,4.4299364,5568.1005
101,91,4.319823554901069,3.2280881999999993,2952.9754999999996
101,93,6.541218200381268,6.0921902,5129.9745
101,95,3.658358115237666,2.7872415999999998,2980.2785000000003
101,97,3.323694816311905,2.4537018,2612.4795
101,99,2.3448566371812034,1.4578547999999998,1236.4185000000002
101,103,0.04879605074654198,0.04878,62.189499999999995
101,105,1.8144872065849844,1.8141048000000002,1533.2934999999998
101,107,5.988694608443179,5.306703799999999,4515.8675
101,110,2.8961911277384704,2.768319085714285,2356.9094999999998
101,111,1.1272922002455872,1.1272919999999997,960.9495
101,113,2.248048132285153,2.241622714285714,2258.3935
101,116,14.445993877567684,13.5016894,8625.9415
101,117,13.153609044658305,12.794884800000002,11590.7625
101,119,9.372045308429056,9.0227628,7898.9985
103,0,33.81896337190388,21.4724646,20957.991666666672
103,3,26.95319148812875,15.746137399999999,16651.478
103,4,24.41243228875878,16.135151285714283,16990.671000000002
103,6,35.27687766189582,22.718060599999998,22001.98066666667
103,8,31.232843733690768,18.277708200000003,16267.502333333336
103,10,34.814515338950045,18.936232199999996,17430.50733333333
103,12,38.3141231270983,27.145684800000005,18978.01233333333
103,14,15.501697101122636,14.273332335714283,19854.699000000004
103,16,21.59338194472672,12.320668599999998,13551.164000000004
103,18,21.72036180061836,13.453446199999997,14472.094000000003
103,20,24.44417447838428,13.805759399999996,12791.074333333332
103,22,28.942736361889292,16.146028199999996,14761.715333333335
103,24,28.122618945596052,16.067284199999996,14275.47433333333
103,27,44.89714515080424,24.373499999999993,29548.940666666665
103,28,12.68831283150922,11.765636764285713,17224.355
103,30,12.304302708875042,11.38164305,16769.349000000002
103,32,14.728671062779421,11.537403000000001,19597.960000000003
103,34,18.20477081958248,10.173697800000001,11554.99
103,36,18.37933380360674,10.894929399999999,12363.048000000003
103,38,11.618966529273303,7.923280200000001,9914.394
103,40,15.996064349195231,9.7893356,11404.196000000002
103,42,19.869209823763203,10.585050599999997,12680.927000000001
103,44,22.048667254603924,12.041716199999996,13894.815000000002
103,46,17.041804979078787,9.931942199999998,11971.765000000005
103,48,11.457971439770205,8.7958578,8369.140333333335
103,50,21.045976673129502,10.673384999999998,9758.312666666667
103,52,23.951514130424947,12.621977399999997,11554.393333333332
103,56,37.25004549857567,19.275618199999997,25730.480666666666
103,59,46.51443559538382,25.958278999999994,29921.02866666667
103,61,14.8117866481833,13.540982399999997,13786.801
103,63,9.524850292655195,8.284950799999999,10150.542
103,65,8.903469276267604,7.155783199999999,8430.71
103,67,14.953816265740938,8.449489799999998,9251.763666666668
103,69,8.564545052791386,7.154223,7188.321000000001
103,71,9.306406230504003,7.0701396,7223.170333333333
103,73,7.301432843278302,5.970032999999999,6009.366666666668
103,75,8.253979230732977,5.846691,6079.666
103,77,24.440241987322885,8.783191799999997,11279.001333333334
103,80,33.42826365344898,15.510427799999997,23827.086666666666
103,82,38.666320581475475,19.063747999999993,26945.398666666664
103,84,53.2699426476251,32.711084,33322.598666666665
103,86,17.956845116031875,14.520426,16127.315999999999
103,88,14.512327610279439,11.081390399999998,13261.453
103,89,5.530643123720532,4.5304112,6617.495999999999
103,91,4.420302442700593,3.3285629999999995,4133.739666666666
103,93,5.148774664321106,4.700129,4584.049666666667
103,95,3.7588370030371903,2.8877163999999995,4029.6740000000004
103,97,3.4241737041114293,2.5541766,3661.875
103,99,2.445335524980728,1.5583295999999998,2380.3753333333334
103,101,0.04878237920461129,0.04878,1386.575
103,105,0.42204367052482306,0.4220436,1095.892
103,107,4.5962510723830174,3.9146425999999996,3888.762666666667
103,110,2.8893343200059416,2.7614622857142845,3057.8936666666664
103,111,1.114145800965372,0.7662081999999998,1301.9453333333333
103,113,0.789888180440426,0.5316321999999998,1551.9786666666666
103,116,13.053550341507524,12.1096282,7998.836666666667
103,117,11.761165508598143,11.402823600000001,10963.657666666666
103,119,7.979601772368895,7.6307016,7271.893666666667
105,0,32.15835109025227,20.328449600000003,19506.123000000003
105,3,27.375272477094615,15.9251446,17555.019600000007
105,4,24.834513277724646,15.35940648571428,17374.1804
105,6,33.61626538024421,21.5740456,20550.112000000005
105,8,28.29485050751317,16.415345000000002,15036.863200000002
105,10,31.87652211277245,17.073869000000002,16199.868199999997
105,12,35.376129900920695,25.283321600000008,17747.373199999998
105,14,15.9237780900885,14.850338878571428,21908.47
105,16,22.015462933692586,12.897675142857139,13939.1584
105,18,22.142442789584226,12.471350199999993,14841.310600000003
105,20,22.69567653286386,12.243631400000002,11560.4352
105,22,26.004743135711696,14.283665,13531.076200000001
105,24,25.184625719418456,14.204920999999999,13044.835199999996
105,27,42.192476776072546,22.511136799999996,23746.592399999998
105,28,13.110393820475085,12.342643307142856,19278.126
105,30,12.726383697840907,11.958649592857142,18823.120000000003
105,32,15.150752051745286,12.114409542857143,21651.731
105,34,18.626851808548345,10.750704342857142,13608.761000000002
105,36,18.801414792572608,11.097453799999998,12697.919600000003
105,38,12.041047518239168,8.500286742857142,10975.003999999999
105,40,16.418145338161096,10.36634214285714,11884.896400000001
105,42,20.29129081272907,10.764057799999998,12873.877800000002
105,44,21.19563722455127,11.390745399999995,12100.611400000002
105,46,17.463885968044654,10.110949399999999,12197.696800000002
105,48,9.652995151019166,7.897748199999999,7813.564400000001
105,50,18.107983446951906,8.8110218,8699.9272
105,52,21.01352090424735,10.7596142,10323.754199999998
105,56,34.54537712384398,17.413255,19928.1324
105,59,43.80976722065213,24.095915799999997,24118.6804
105,61,15.233867637149165,14.117988942857142,15840.572
105,63,9.94693128162106,8.861957342857142,12204.312999999998
105,65,9.325550265233467,7.7327897428571415,9422.5628
105,67,15.375897254706803,8.628497,9801.984200000003
105,69,8.683050993558087,6.9300682,6727.757200000002
105,71,9.733971911163085,7.6003694,8213.579399999999
105,73,8.274819637553115,6.1490402,6996.2816
105,75,5.315986004555381,4.3007246,5143.204199999999
105,77,21.50224876114529,6.920828599999999,12597.0734
105,80,30.723595278717287,13.6480646,18024.7384
105,82,35.96165220674378,17.201384799999996,21143.0504
105,84,50.565274272893404,30.8487208,27520.2504
105,86,18.37892610499774,15.097432542857142,18181.087
105,88,14.934408599245304,11.658396942857141,15315.223999999998
105,89,5.952724112686397,5.107417742857142,8671.267
105,91,5.393689236975407,4.481119542857142,5660.148199999999
105,93,1.240399080226522,1.21845,2621.8136000000004
105,95,4.180917992003055,3.4647229428571418,6083.445000000001
105,97,3.8462546930772943,3.131183142857142,5715.646000000001
105,99,3.1890497990970945,2.475756942857142,4495.4246
105,101,1.8141072040665722,1.8141048000000006,2862.3599999999997
105,103,0.4220436024832292,0.4220436,1702.309
105,107,2.0723375346275836,1.7912351999999998,2602.8854
105,110,4.148495194258212,3.7476565714285712,4749.108999999999
105,111,1.1769086880794584,0.9050442857142856,2536.3633999999997
105,113,0.8514807509355783,0.6704682857142856,1831.9668000000001
105,116,10.529636803752089,9.986220800000002,6712.959400000002
105,117,10.016916263721336,9.665984199999999,9913.300599999999
105,119,6.235352527492089,5.893862199999999,6221.536599999999
107,0,34.49839524651379,22.3864516,19036.947000000004
107,3,30.305438088643857,17.983146599999998,17703.610999999997
107,4,27.61539545301663,17.41740848571428,15442.642999999998
107,6,35.95630953650573,23.6320476,20080.936000000005
107,8,30.634894663774688,18.473347,15174.919000000002
107,10,34.21656626903397,19.131870999999997,16337.923999999997
107,12,37.71617405718222,27.341323600000003,17885.428999999996
107,14,18.937500843692156,17.74861487857143,23397.975000000006
107,16,25.02918568729624,14.998586200000002,17094.440000000002
107,18,24.854653195813587,14.529352199999993,12852.602
107,20,25.035720689125377,14.3016334,11698.491
107,22,28.344787291973212,16.341667,13669.132000000001
107,24,27.524669875679976,16.262922999999997,13182.890999999996
107,27,39.47854404690945,24.569138799999994,25465.958999999995
107,28,16.12411657407874,15.240919307142857,20767.631
107,30,15.740106451444563,14.856925592857143,20312.625000000004
107,32,18.16447480534894,15.012685542857145,23141.236000000004
107,34,21.640574562151997,13.648980342857145,15098.266000000001
107,36,21.815137546176263,13.1554558,15906.324000000002
107,38,15.054770271842823,11.398562742857145,13457.67
107,40,19.431868091764752,13.016480200000002,14947.472000000002
107,42,23.305013566332725,12.8220598,16224.203000000001
107,44,23.535681380812786,13.448747399999995,11929.278000000002
107,46,20.47760872164831,12.168951400000001,15515.041000000003
107,48,11.993039307280684,9.955750199999999,7672.213000000002
107,50,20.448027603213422,10.869023799999999,8837.983
107,52,23.353565060508867,12.817616199999998,10461.809999999998
107,56,31.831444394680886,19.471256999999998,21647.498999999996
107,59,41.09583449148903,26.153917799999995,25838.047
107,61,18.24759039075282,17.01626494285714,17330.076999999997
107,63,12.960654035224717,11.760233342857143,13693.817999999997
107,65,12.339273018837122,10.631065742857144,11973.985999999997
107,67,18.38962000831046,10.686499000000001,8400.472
107,69,11.023095149819605,8.9880702,6865.813000000001
107,71,12.74769466476674,9.658371400000002,8030.964000000001
107,73,10.661340202078453,8.2070422,6821.523000000001
107,75,7.656030160816899,6.3587266,5281.26
107,77,19.147352762223214,8.9788306,14435.349999999999
107,80,28.009662549554193,15.7060666,19744.104999999996
107,82,33.24771947758068,19.259386799999994,22862.416999999998
107,84,47.85134154373031,32.9067228,29239.617
107,86,21.392648858601394,17.995708542857145,19670.592000000004
107,88,17.94813135284896,14.556672942857142,16804.729
107,89,8.966446866290054,8.005693742857144,10160.771999999999
107,91,8.407411990579062,7.379395542857144,7939.752999999999
107,93,3.5804432364880396,3.276452,2476.84
107,95,7.194640745606711,6.362998942857144,7572.950000000001
107,97,6.859977446680951,6.029459142857144,7205.151000000001
107,99,6.2027725527007505,5.374032942857144,6112.774
107,101,5.538631724815055,5.335763000000002,4740.116
107,103,4.146568123231712,3.9437018000000013,3580.0650000000005
107,105,1.9562853241817986,1.7912352000000011,1258.39
107,110,7.162217947861867,6.645932571428574,6083.233
107,111,4.190631441683115,3.803320285714287,3685.9520000000007
107,113,2.7189984282528483,2.5855954,2449.4235000000003
107,116,7.634949237612731,7.398023200000001,3915.8549999999996
107,117,8.077229403445221,7.994278799999999,7429.554999999999
107,119,4.295665667215974,4.2221568,3737.7909999999993
110,0,36.54631757860571,24.161793685714283,24183.951500000006
110,3,29.680545694830588,18.348298342857145,18879.016500000005
110,4,27.13978649546062,18.824480371428564,19218.209500000004
110,6,38.00423186859765,25.407389685714282,25227.940500000008
110,8,34.20245871256809,20.967037285714287,22581.857500000006
110,10,39.33121917750295,21.625561285714284,20580.734499999995
110,12,42.830826965651205,29.83501388571429,22128.239499999996
110,14,18.229051307824474,16.402830878571425,22082.237500000003
110,16,24.32073615142856,14.450167142857143,15778.7025
110,18,24.4477160073202,16.14277528571428,16699.632500000003
110,20,27.17152868508612,16.495088485714284,17795.030500000004
110,22,33.20539409423232,18.835357285714284,18145.712499999994
110,24,32.63932278414896,18.756613285714284,17425.701499999996
110,27,48.44346663144015,27.062829085714274,31522.1815
110,28,15.415667038211058,13.895135307142855,19451.8935
110,30,15.03165691557688,13.511141592857141,18996.8875
110,32,17.45602526948126,13.666901542857143,21825.4985
110,34,20.932125026284314,12.303196342857143,13782.5285
110,36,21.10668801030858,13.311770342857143,14590.586500000001
110,38,14.34632073597514,10.052778742857143,12141.932499999999
110,40,18.72341855589707,11.918834142857145,13631.7345
110,42,22.596564030465043,13.274379685714283,14908.4655
110,44,24.776021461305763,14.731045285714282,16122.3535
110,46,19.769159185780627,12.581656542857145,14199.303500000002
110,48,14.73663145178099,11.485186885714283,11180.094500000005
110,50,25.5626805116824,13.362714085714284,12892.285500000002
110,52,28.468217968977847,15.311306485714283,14704.620499999997
110,56,40.796366979211584,21.96494728571428,27703.7215
110,59,50.06075707601973,28.647608085714275,31894.269500000002
110,61,17.539140854885137,15.67048094285714,16014.3395
110,63,12.252204499357035,10.414449342857141,12378.080499999996
110,65,11.63082348296944,9.285281742857142,10658.248499999996
110,67,17.68117047244278,11.138818885714285,13443.209499999999
110,69,11.843205064802172,9.843552085714284,9812.065500000004
110,71,12.039245128899058,9.199638142857143,9722.1795
110,73,10.580092855289088,8.659362085714283,8499.6425
110,75,12.443872720787764,8.536020085714286,8969.7915
110,77,28.11227534675392,11.472520885714285,20491.572500000002
110,80,36.97458513408489,18.19975688571428,25800.3275
110,82,42.212642062111385,21.753077085714274,28918.6395
110,84,56.81626412826101,35.40041308571428,35295.8395
110,86,20.68419932273371,16.649924542857143,18354.854499999998
110,88,17.239681816981278,13.21088894285714,15488.991499999998
110,89,8.257997330422372,6.659909742857142,8845.034499999998
110,91,7.69896245471138,6.017892085714285,6624.0154999999995
110,93,8.695096144957017,7.06731377142857,6719.6505
110,95,6.486191209739029,5.017214942857142,6257.212500000001
110,97,6.151527910813268,4.683675142857142,5889.413500000001
110,99,5.494323016833069,4.028248942857142,4797.0365
110,101,3.7572727869478624,2.7381090857142856,2323.2254999999996
110,103,3.8060688376944043,2.7868890857142854,2363.8755
110,105,4.565207987114169,3.3856705714285713,3448.5395000000008
110,107,8.142572553018926,6.281827371428571,5862.0035
110,111,0.1951767954163844,0.0853122857142857,112.56150000000001
110,113,3.76970320786951,2.7429629999999996,2696.1055000000006
110,116,16.599871822143434,14.476812971428572,9972.0775
110,117,15.307486989234054,13.77000837142857,12936.898500000001
110,119,11.525923253004805,9.99788637142857,9245.1345
111,0,32.48284126832244,21.429911999999998,22547.936250000006
111,3,25.61706938454731,15.6006972,17243.00125
111,4,23.07631018517734,16.092598685714282,17582.19425
111,6,33.94075555831438,22.675507999999997,23591.925250000008
111,8,30.138982402284817,18.235155600000002,20945.84225
111,10,35.28294707289179,18.8936796,19022.751749999996
111,12,38.78895882846076,27.103132200000005,20570.256749999997
111,14,14.165574997541196,13.655229735714286,20446.222250000003
111,16,20.25725984114528,11.702565999999997,14142.687249999999
111,18,20.38423969703692,13.410893599999996,15063.617250000003
111,20,23.108052374802842,13.763206799999995,16159.015250000004
111,22,29.14191778394904,16.1034756,17099.625999999997
111,24,28.59745464695851,16.024731599999996,15867.718749999996
111,27,44.94232153569952,24.330947399999996,27687.780000000002
111,28,11.35219072792778,11.147534164285714,17815.878249999998
111,30,10.968180605293602,10.76354045,17360.87225
111,32,13.392548959197981,10.919300400000001,20189.48325
111,34,16.86864871600104,9.5555952,12146.51325
111,36,17.043211700025303,10.276826799999998,12954.571250000003
111,38,10.282844425691863,7.3051776,10505.91725
111,40,14.65994224561379,9.171232999999999,11995.719250000002
111,42,18.533087720181765,10.542497999999997,13272.450250000002
111,44,20.712545151022486,11.999163599999996,14486.33825
111,46,15.705682875497345,9.834055399999999,12563.288250000005
111,48,10.673155141497713,8.7533052,9544.079250000003
111,50,21.520812374491957,10.6308324,11256.270250000001
111,52,24.4263498317874,12.579424799999998,13146.637749999996
111,56,37.29522188347095,19.233065599999996,23869.32
111,59,46.5596119802791,25.915726399999997,28059.868000000002
111,61,13.47566454460186,12.9228798,14378.32425
111,63,8.188728189073755,7.6668482000000004,10742.065249999998
111,65,7.567347172686163,6.5376806,9022.23325
111,67,13.617694162159497,8.406937199999998,11807.19425
111,69,7.779728754518892,7.1116703999999995,8176.050250000002
111,71,7.975768818615779,6.452037000000001,8086.164250000001
111,73,6.5166165450058084,5.927480399999999,6863.6272500000005
111,75,8.380396410504485,5.8041384,7333.77625
111,77,24.611130251013282,8.740639199999999,16582.852250000004
111,80,33.47344003834426,15.467875199999998,21965.926
111,82,38.71149696637075,19.021195399999996,25084.238000000005
111,84,53.31511903252038,32.66853139999999,31461.438
111,86,16.620723012450433,13.9023234,16718.839249999997
111,88,13.176205506697999,10.4632878,13852.97625
111,89,4.194521020139091,3.9123086,7209.019249999999
111,91,3.6354861444281,3.2860104,4988.000249999999
111,93,5.193951049216382,4.592102057142856,6261.60125
111,95,2.4227148994557495,2.2696137999999997,4621.19725
111,97,2.0880516005299885,1.936074,4253.39825
111,99,1.4308467065497885,1.2806478000000001,3161.0212500000002
111,101,1.1272920998891924,1.1272919999999995,2138.5779999999995
111,103,1.1760881506357344,1.1760719999999996,2185.25475
111,105,1.0640628913735348,0.9104588571428569,2861.4480000000003
111,107,4.641427457278293,3.8066156571428564,5403.95425
111,110,0.09217152691667783,0.0853122857142857,2428.5305
111,113,0.2685581121288752,0.26775128571428536,2240.95125
111,116,13.098726726402798,12.001601257142857,9514.02825
111,117,11.806341893493418,11.294796657142857,12478.849250000001
111,119,8.02477815726417,7.522674657142856,8787.08525
113,0,33.38839329331523,21.954552857142858,20995.212000000007
113,3,26.5226214095401,16.12533805714286,17801.113500000003
113,4,23.98186221017013,16.617239542857142,18140.306500000002
113,6,34.84630758330717,23.200148857142857,22039.20100000001
113,8,31.044534427277608,18.75979645714286,16400.455
113,10,34.87134016165366,19.418320457142855,17563.46
113,12,38.370947949801916,27.62777305714286,19110.965
113,14,15.071127022533988,14.179870592857142,21004.334500000004
113,16,21.16281186613807,12.227206857142855,14700.799500000001
113,18,21.28979172202971,13.935534457142856,15621.729500000001
113,20,24.013604399795632,14.287847657142855,12924.027
113,22,28.99956118459291,16.628116457142855,14894.668000000001
113,24,28.17944376829967,16.54937245714285,14408.427
113,27,42.30627922798904,24.855588257142852,28288.596499999996
113,28,12.257742752920572,11.67217502142857,18373.9905
113,30,11.873732630286394,11.288181307142857,17918.9845
113,32,14.298100984190773,11.443941257142857,20747.595500000003
113,34,17.77420074099383,10.080236057142857,12704.6255
113,36,17.948763725018093,10.801467657142856,13512.683500000003
113,38,11.188396450684655,7.829818457142858,11064.0295
113,40,15.565494270606584,9.695873857142857,12553.8315
113,42,19.438639745174555,11.067138857142856,13830.5625
113,44,21.618097176015276,12.523804457142855,13410.578500000003
113,46,16.61123490049014,10.358696257142856,13121.400500000003
113,48,11.578707166490506,9.277946057142856,8810.9165
113,50,21.10280149583312,11.155473257142855,10063.519
113,52,24.008338953128565,13.104065657142854,11687.345999999998
113,56,34.65917957576047,19.757706457142856,24470.136499999997
113,59,43.92356967256862,26.440367257142853,28660.6845
113,61,14.381216569594653,13.447520657142856,14936.4365
113,63,9.094280214066547,8.191489057142856,11300.177499999998
113,65,8.472899197678956,7.062321457142857,9580.345499999998
113,67,14.52324618715229,8.931578057142858,12365.306499999999
113,69,8.685280779511686,7.636311257142857,7723.702000000001
113,71,8.881320843608572,6.976677857142858,8644.2765
113,73,7.422168569998602,6.452121257142857,7421.7395
113,75,8.310804053436597,6.328779257142857,6506.796
113,77,21.9750879433028,9.265280057142856,17257.9875
113,80,30.83739773063378,15.992516057142856,22566.742499999997
113,82,36.07545465866027,19.545836257142852,25685.0545
113,84,50.679076724809896,33.19317225714285,32062.2545
113,86,17.526275037443227,14.426964257142856,17276.951499999996
113,88,14.08175753169079,10.987928657142856,14411.088499999998
113,89,5.100073045131884,4.436949457142857,7767.131499999998
113,91,4.541038169420894,3.8106512571428572,5546.112499999999
113,93,4.235217129107737,3.7677996,3702.376
113,95,3.3282669244485428,2.7942546571428566,5179.309499999999
113,97,2.993603625522782,2.460714857142857,4811.5105
113,99,2.336398731542582,1.805288657142857,3719.1335
113,101,2.6789644992326376,2.5881804,2800.062
113,103,1.851390426751872,1.6985470857142855,1958.305
113,105,0.8306917096634366,0.6800612857142856,730.5790000000002
113,107,2.8277351810795857,2.5855954,2822.6375
113,110,3.2958441267036993,3.0771882857142856,3689.5924999999993
113,111,0.3242576205249459,0.234576,1292.3115
113,116,10.462684418692316,9.9836186,6738.492499999999
113,117,9.16543551278576,8.845665399999998,9242.612000000001
113,119,5.383871776556511,5.073543399999999,5550.848
116,0,37.232727164180595,26.719136799999998,23555.460333333325
116,3,38.22991632974676,23.696722399999995,23110.43533333334
116,4,35.53987369411952,22.193411485714282,20849.467333333334
116,6,38.73978365420599,27.990568799999995,24620.979333333325
116,8,30.54567226360229,22.612433199999995,20133.207333333325
116,10,32.32630221547191,23.27095719999999,20586.839333333333
116,12,31.157253627682625,28.890095400000007,21072.911333333337
116,14,29.114035900076054,25.943600478571433,28634.716666666674
116,16,35.205720743680146,20.712161999999996,22331.18166666666
116,18,32.77913143691649,19.305355199999997,18259.426333333333
116,20,26.440858797299178,18.44071959999999,18915.609333333337
116,22,26.831517529290707,20.387201199999996,17918.18933333333
116,24,25.63440582211792,19.8035416,17431.80633333333
116,27,31.843594809296725,26.11791059999999,22161.61433333333
116,28,26.300651630462635,23.435904907142863,26004.372666666666
116,30,25.91664150782845,23.051911192857148,25549.36666666667
116,32,28.34100986173284,21.989684799999996,28377.977666666673
116,34,31.817109618535895,20.901490799999987,20335.00766666667
116,36,31.991672602560158,18.8690316,21143.065666666665
116,38,25.23130532822672,19.593548342857144,18694.41166666667
116,40,29.608403148148646,18.730055999999998,20184.213666666667
116,42,32.809633138462345,18.5356356,17809.394666666663
116,44,30.811246712864257,18.224750399999998,17358.922333333332
116,46,30.654143778032203,17.8825272,20751.78266666667
116,48,22.169574363664577,15.526163999999998,13108.429333333332
116,50,25.904983253634,15.008109999999993,17349.63433333334
116,52,21.68319155448701,16.956702399999994,15318.333333333334
116,56,24.196495157068156,21.0200288,18343.154333333336
116,59,33.4608852538763,27.702689599999992,22533.702333333335
116,61,28.424125447136717,25.211250542857147,22566.81866666667
116,63,23.13718909160861,19.955218942857144,18930.559666666664
116,65,22.51580807522102,18.826051342857145,17210.72766666667
116,67,28.566155064694357,16.4000748,15756.705333333333
116,69,21.199630206203498,14.558483999999998,12302.029333333334
116,71,22.924229721150635,16.619456399999997,14270.023333333336
116,73,20.837875258462343,15.627161999999998,13056.216999999997
116,75,17.83256521720079,12.218156399999998,10603.186666666666
116,77,11.512403524610486,10.8843324,11131.005333333333
116,80,20.374713311941463,17.254838399999997,16439.760333333335
116,82,25.612770239967954,20.80815859999999,19558.072333333334
116,84,40.21639230611758,34.455494599999994,25935.272333333338
116,86,31.569183914985288,26.190694142857147,24907.33366666667
116,88,28.124666409232855,22.751658542857147,22041.470666666664
116,89,19.14298192267395,16.200679342857146,15397.513666666666
116,91,18.583947046962955,15.574381142857142,13176.494666666666
116,93,13.756978292871931,11.4714376,7913.056333333334
116,95,17.371175801990606,14.557984542857145,12809.691666666666
116,97,17.036512503064845,14.224444742857145,12441.892666666667
116,99,16.379307609084645,13.569018542857144,11349.515666666666
116,101,15.71516678119895,13.5307486,9976.857666666665
116,103,14.323103179615607,12.1386874,8816.806666666665
116,105,12.132820380565692,9.9862208,6694.606333333334
116,107,9.242205034915791,7.362444399999999,5230.600666666666
116,110,17.33875300424576,14.840918171428573,11319.974666666669
116,111,14.367166498067009,11.998305885714286,8922.693666666666
116,113,11.9564561579895,9.9480398,7189.954000000001
116,117,9.677126856604016,9.6666496,8837.578666666666
116,119,4.334395009495159,4.3334016,4400.903666666666
117,0,44.523140504420105,31.237951999999993,26472.194500000012
117,3,38.876651694253574,26.834647000000007,27031.5775
117,4,36.3358924948836,26.268908885714286,27370.770500000002
117,6,45.981054794412046,32.48354799999999,27516.183500000014
117,8,40.659639921681,27.324847400000007,22610.1665
117,10,44.23950112685362,27.983371400000006,24127.3315
117,12,43.070452539064334,36.192824000000016,29916.1825
117,14,27.42515730724748,25.207471478571428,30234.798500000004
117,16,33.51684215085156,23.254807742857146,23931.263499999994
117,18,33.64382200674319,23.3808526,24852.1935
117,20,35.060465947031695,23.153133800000006,19133.738500000003
117,22,38.36953254987953,25.193167400000007,21104.3795
117,24,37.547604733499625,25.11442340000001,26275.077500000003
117,27,43.756793720678424,33.420639200000004,31004.885499999997
117,28,24.611773037634062,22.699775907142858,27604.4545
117,30,24.22776291499988,22.315782192857142,27149.448500000002
117,32,26.652131268904267,22.471542142857142,29978.059500000003
117,34,30.128231025707315,21.107836942857144,21935.089500000006
117,36,30.302794009731578,21.82906854285714,22743.1475
117,38,23.54242673539814,18.857419342857142,20294.493500000004
117,40,27.919524555320066,20.723474742857142,21784.2955
117,42,31.79267002988804,21.67356020000001,23061.026499999996
117,44,33.56042663871909,22.3002478,19364.52550000001
117,46,28.965265185203624,21.02045180000001,22351.864500000003
117,48,22.017784565186997,18.807250600000007,15107.460500000001
117,50,30.472772861119736,19.720524200000007,16273.230500000001
117,52,33.37831031841518,21.66911660000001,17897.057500000003
117,56,36.109694068449855,28.322757400000008,27186.425499999998
117,59,45.374084165258004,35.0054182,31376.9735
117,61,26.735246854308144,24.475121542857146,24166.9005
117,63,21.44831049878004,19.219089942857142,20530.6415
117,65,20.826929482392444,18.089922342857143,18810.809500000003
117,67,26.877276471865777,19.53799940000001,21595.770500000002
117,69,21.039311064225178,17.839570600000005,14301.060500000003
117,71,21.235351128322062,18.00427874285714,17874.740500000004
117,73,19.77619885471209,17.058542600000006,16652.203499999996
117,75,17.68077541872321,15.210227000000003,12716.507500000003
117,77,23.42560243599219,17.830331000000005,19974.2765
117,80,32.28791222332316,24.557567000000006,25283.031499999997
117,82,37.525969151349656,28.1108872,28401.3435
117,84,52.12959121749928,41.758223199999996,34778.5435
117,86,29.880305322156715,25.454565142857145,26507.4155
117,88,26.435787816404282,22.015529542857145,23641.552499999998
117,89,17.454103329845374,15.464550342857143,16997.5955
117,91,16.89506845413438,14.838252142857142,14776.5765
117,93,13.605188494394351,12.127952400000002,9912.087500000001
117,95,15.682297209162028,13.821855542857143,14409.7735
117,97,15.347633910236269,13.488315742857143,14041.9745
117,99,14.690429016256068,12.832889542857144,12949.5975
117,101,14.026288188370374,12.7946196,11576.9395
117,103,12.634224586787031,11.4025584,10416.888500000001
117,105,10.876573494549138,9.6501754,8693.6375
117,107,9.066412428371901,7.9942788,7215.9205
117,110,15.649874411417185,14.104789171428573,12920.056500000002
117,111,12.678287905238433,11.262176885714286,10522.7755
117,113,10.045881784885701,8.8456654,8211.824499999999
117,116,9.885020835050057,9.6666496,8053.535499999999
117,119,3.4762404561847053,3.289974,3295.6665000000003
119,0,40.53815175714913,27.465829999999997,23216.391666666666
119,3,34.89166294698262,23.062525,23775.774666666664
119,4,32.35090374761265,22.496786885714286,24114.967666666667
119,6,41.99606604714107,28.711425999999996,24260.380666666668
119,8,36.67465117441003,23.552725400000003,20203.853
119,10,38.69339626199345,24.2112494,22083.09433333333
119,12,37.524347674204165,32.42070200000001,26104.352333333332
119,14,23.440168559976506,21.435349478571432,26978.99566666667
119,16,29.531853403580588,19.482685742857146,20675.460666666662
119,18,29.658833259472228,19.6087306,21596.39066666667
119,20,31.075477199760723,19.3810118,16194.447333333332
119,22,33.19861157581225,21.4210454,19178.243
119,24,32.001499868639456,21.3423014,22463.247333333336
119,27,38.21068885581826,29.648517199999997,27193.055333333334
119,28,20.626784290363087,18.92765390714286,24348.65166666666
119,30,20.242774167728903,18.543660192857146,23893.645666666667
119,32,22.66714252163329,18.699420142857146,26722.256666666668
119,34,26.143242278436347,17.335714942857145,18679.28666666667
119,36,26.31780526246061,18.05694654285714,19487.344666666668
119,38,19.557437988127173,15.085297342857144,17038.690666666665
119,40,23.934535808049098,16.951352742857143,18528.49266666667
119,42,27.80768128261707,17.901438200000005,19805.22366666666
119,44,29.575437891448136,18.5281258,16108.722666666667
119,46,24.980276437932655,17.248329800000004,19096.061666666672
119,48,18.03279581791603,15.035128600000002,11851.657666666666
119,50,26.487784113848768,15.9484022,13017.427666666665
119,52,28.05028560100855,17.896994600000003,16173.409666666665
119,56,30.563589203589697,24.550635400000004,23374.59533333333
119,59,39.82797930039784,31.233296199999998,27565.143333333337
119,61,22.75025810703717,20.702999542857143,20911.09766666667
119,63,17.463321751509064,15.446967942857142,17274.838666666667
119,65,16.841940735121472,14.317800342857144,15555.006666666663
119,67,22.89228772459481,15.765877400000004,18339.967666666667
119,69,17.054322316954206,14.067448600000002,11045.257666666666
119,71,17.250362381051087,14.232156742857144,14618.937666666667
119,73,15.791210107441119,13.286420600000003,13396.400666666663
119,75,13.695786671452243,11.438105000000002,9460.704666666667
119,77,17.879497571132024,14.058209000000002,16162.446333333333
119,80,26.741807358463003,20.785445000000003,21471.20133333333
119,82,31.979864286489494,24.338765199999997,24589.513333333336
119,84,46.58348635263912,37.98610119999999,30966.713333333333
119,86,25.89531657488574,21.682443142857142,23251.612666666668
119,88,22.450799069133307,18.243407542857142,20385.749666666667
119,89,13.469114582574402,11.692428342857143,13741.792666666666
119,91,12.91007970686341,11.066130142857142,11520.773666666662
119,93,9.620199747123383,8.3558304,6656.284666666666
119,95,11.697308461891058,10.049733542857144,11153.970666666666
119,97,11.362645162965299,9.716193742857143,10786.171666666667
119,99,10.705440268985098,9.060767542857144,9693.794666666667
119,101,10.041299441099405,9.022497600000001,8321.136666666665
119,103,8.649235839516061,7.6304364,7161.085666666666
119,105,6.891584747278169,5.878053400000001,5437.8346666666675
119,107,5.081423681100933,4.2221568000000005,3960.1176666666665
119,110,11.664885664146215,10.332667171428572,9664.253666666666
119,111,8.693299157967463,7.490054885714286,7266.972666666666
119,113,6.060893037614733,5.0735434,4956.0216666666665
119,116,4.338915970189891,4.333401599999999,4241.705333333332
119,117,3.2982759744514687,3.289974,3865.557666666666
