from,to,length,volume,EstimatedTT,CO2,lengthm
26759727,26759737,271.658,479.38293210057054,19.620850406365026,27413.244363151818,0.16880040311800001
26759730,26759727,16.887,675.4953762075958,1.230929501770074,2408.2826676571785,0.010493092077
26759665,26759668,47.624,592.5633544060629,3.436888707347298,5938.869892129648,0.029592172504
26759727,26759728,12.576,2823.3197783303995,1.988823625769934,12083.811456207704,0.007814361696000001
26759728,26759869,449.696,1313.637836528815,63.52691171406049,184324.96626039143,0.279428053216
26759739,26759728,268.734,219.4065395889133,19.34969232085531,12399.527647680821,0.166983514314
262091049,26759668,831.031,1781.9267628888867,71.19383766212349,333727.4376476892,0.516378563501
26759728,26759729,16.701,1729.088481390498,4.440778547814588,14520.601023834522,0.010377517071
26960758,29271261,9.577,1494.358913320791,0.8941840983074579,3372.2791238212885,0.005950870067
26960758,2884508640,601.451,1650.9309873258237,62.44956599436762,249202.2703800659,0.37372420932100003
35107206,35107210,51.69,1396.291033235038,4.5635633168277305,16509.12341976013,0.032118666989999996
29122661,35107206,53.839,708.7175542085631,4.1710511546257685,8232.097277184745,0.033453993269
29271261,29273080,17.087,653.9623602653811,1.243655166344844,2357.9873163669185,0.010617366277
29271261,29219438,461.975,2395.625556553839,98.46042901729899,473979.7285626007,0.287057867725
29273080,26960758,16.491,1197.6624088487008,1.923374815601112,5355.353243791911,0.010247029161
29273065,26960758,529.365,1947.627491797914,48.441072177999615,240287.90713613955,0.32893205941500003
29276217,26960762,855.245,1940.5002129321072,113.53976434064609,494156.31525891623,0.531424440895
29215046,26960762,857.487,1663.0247745495776,89.84279603870394,359946.0333648846,0.532817554677
2884508640,29270503,84.061,835.8037641077042,6.9422453794472405,15566.811641133965,0.052233067631
2884508640,29271693,1730.916,3300.271332394603,226.50463709515827,1682811.0228767786,1.075541005836
29215046,287447547,24.401,1701.6854391035365,72.77207776116013,47177.19033505531,0.015162073771
287447524,29215046,26.794,1048.9040676457632,13.18576778029305,20324.608202059557,0.016649014574
3243910627,29276217,44.246,1522.6626690335072,3.508171699430988,14669.323735178408,0.027493181266000002
29276213,29276217,77.932,1269.0769333081637,9.996150821712217,28708.121682874415,0.048424684772
358082698,26953063,139.386,1465.7492733680992,39.98651044796199,108203.2072594508,0.086610418206
1679931219,2453778078,53.608,1465.7492733680992,149.5672534910934,88666.07105474256,0.033310456567999996
1679931219,26953063,634.232,1400.3852322797918,81.61938830117367,258432.29971935487,0.394093372072
26953063,358082698,139.593,1400.3852322797918,36.1604250514193,96516.85532169371,0.08673904200299999
26953133,27541017,72.821,1400.3852322797918,6.4431314982158705,23352.033778350982,0.045248857591
27541045,26953133,83.637,1465.7492733680992,14.396073239792507,44560.131315840255,0.051969606327
2453778078,1679931219,53.453,1400.3852322797918,125.32960013880538,82788.59028327886,0.033214144063
26953133,358082698,463.034,1465.7492733680992,33.910813205065054,143507.50831625753,0.287715899614
27541045,27541017,16.029,9.824609821442492,1.154088000026238,33.11683090560147,0.009959955759
26953134,27541036,61.688,707.8650765546524,4.50790178115915,9226.573804315163,0.038331134248000005
27541017,27543286,386.297,29.029618889190523,23.17782004016956,2264.323744578499,0.24003375318700002
27541017,27541027,42.8,1381.1802232120444,3.7490008396247463,13468.216117734,0.0265946788
27541036,27541045,27.058,1475.5738831895414,2.497819513243644,9349.471568759633,0.016813056518
27541027,27541036,14.126,767.7088066348887,1.017934177971084,2281.1718015196325,0.008777486746
35107206,26953134,960.718,707.8650765546524,74.4041387401162,146699.93958981536,0.596962304378
27541027,26953134,55.028,1395.4385555811275,8.488210502812525,25633.81435722476,0.034192803388
26983753,26983748,320.102,2623.629313615525,21.426916018121027,173089.94930435537,0.198902099842
2250437906,26983748,594.322,3948.469951245404,42.60834762149857,492833.377982524,0.369294455462
26983754,27176888,160.359,2245.012603354204,29.000453924695197,135975.58276073425,0.09964243218900001
26983753,26983754,60.936,393.5276751579376,4.393654051531025,5045.1072822169535,0.037863863256000004
26983755,26983756,55.599,2376.6274794241062,6.408033780242322,35535.11796006062,0.034547606229
27176892,26983755,159.306,2239.740965697167,28.647726790979913,134176.81804456742,0.098988128526
26983756,26983753,16.087,1660.825267936053,3.813342998577048,12379.792199577734,0.009995995277
27176657,26983753,231.509,1356.3317208374087,20.02581642123489,71097.40069739599,0.143852978839
27176888,29551951,213.953,2059.257333048674,98.8625205746328,308889.63177086227,0.132944189563
26983756,27176660,231.741,1099.067423822194,18.13426328259295,55165.24855235824,0.14399713691100002
27176892,27176888,14.529,549.7799405720152,1.07488172781765,1694.7275888370548,0.009027899259000001
27177333,27176888,1021.485,1120.8174690713597,108.51551392650161,291558.96965654247,0.634721155935
27176660,27176695,568.501,3.20743629337752,40.93207200130518,383.45667495602225,0.353250034871
27176657,27176660,14.285,335.06005828304035,1.032425507667474,1007.7384037307296,0.008876284735
2250437906,26983756,270.084,383.2652123341397,19.44707197202916,21768.697315971738,0.167822365164
27176660,27176659,19.723,1430.920045811857,3.213719857019238,9830.324648095757,0.012255300233
29422506,541003693,76.167,2035.8796392133368,15.87135521498529,65291.0776572793,0.047327964957
26982466,267424810,842.329,1454.0594411045176,60.77837638443232,257741.47263467338,0.5233988130589999
29778602,29422506,13.695,1115.172524589925,1.44548855620053,3873.092299069325,0.008509675845
822502381,29422506,1296.557,1256.7782657347525,163.51909804391875,467175.11103219044,0.8056429196470001
321202084,27176642,614.632,922.6050967078768,53.913683058305025,129286.60853095638,0.381914500472
27176669,26983068,54.429,1747.7375310680532,14.935341767071781,48884.10190532862,0.033820602159
26982474,26982466,38.483,1095.4611052999974,2.7805135208479017,8875.075680605281,0.023912220193
27176642,27176669,471.327,922.6050967078768,41.34339652803911,99142.68918486196,0.292868929317
28248871,28248870,91.97,1794.740327996613,10.71062474620296,44709.86836759761,0.05714749087
26983747,2250437910,548.151,2529.6822545253035,36.175869183376584,284848.44517987134,0.340605135021
4181885118,4181885125,45.205,273.4962219377899,3.260246538238644,2601.3225473716107,0.028089076055
1832331491,4181885118,187.474,273.4962219377899,13.499550109376383,10782.853825486678,0.116490906854
26983755,2250437910,211.677,899.0071837523019,15.265039058565868,40038.771817988185,0.131529949167
26983754,26983755,15.905,1035.8936974792427,1.542443975202822,3966.9547112300515,0.009882905755
26983747,26983754,313.458,2887.378625675512,19.437623781689677,183665.68940599728,0.19477371091800003
2250437910,2250437924,1607.035,3428.6894382776027,128.94193385430202,1205652.7638992446,0.998564944985
280323089,26984655,508.685,137.15441294352155,36.626091311219774,14671.975980134515,0.316082107135
280323089,280323018,11.541,0.0,0.830952,0.0,0.007171242711000001
26984655,26984657,30.394,1195.743877041306,2.454613390086468,7974.243060977071,0.018885950174
26984655,26984751,164.387,1013.9152071928615,15.604469074006337,39639.982329469465,0.102145314577
26984657,26984667,336.258,1599.3961741476364,33.63898495880974,131904.3584559118,0.208940969718
26984749,26984657,150.718,1769.634013141768,17.185148615022683,71197.80572175632,0.09365179437799999
280323018,4892922989,59.157,576.6270252269632,4.401174704300316,7251.231940485556,0.036758444247
26984657,26984656,14.731,1365.981716035437,2.173179048150324,6490.2332190013385,0.009153416201
26984656,2250437921,239.399,2085.317781517651,18.032159797528085,106583.802255478,0.14875559602900001
1086886752,26984656,315.58,1381.9531992751747,27.653775006763222,99381.47351072321,0.19609226018
26984751,26984695,169.833,106.00095701069291,12.228036279943824,3785.816563593206,0.105529301043
26984751,26984767,562.614,907.9142501821688,48.800917970716334,115814.08542377313,0.349592023794
26984667,277274222,187.72,1787.5751810112324,55.09487653011624,180446.76804090937,0.11664376412
26984666,26984667,13.642,887.627481506722,1.165923348319194,2725.8265950189248,0.008476743182
2250437921,2250437906,1548.647,4331.735163579543,172.7569591557158,1764310.2177849314,0.962284335037
26984667,26984678,15.801,699.4484746431258,1.2197098167188098,2381.08834896799,0.009818283171
4853222911,26983784,251.583,1345.414799493094,35.99583660788911,106645.3523078826,0.156326380293
26983791,4853222912,255.505,1277.0192093261714,33.13630065403517,95482.57524148861,0.158763397355
26983791,26983784,11.787,0.0,0.848664,0.0,0.007324099977000001
26983784,30774329,290.838,1345.414799493094,41.61233917778727,123285.4404889041,0.180718298898
30774328,30774329,9.856,15.596064832884764,0.7096320126493261,32.32531451646576,0.006124232576
4853222911,4853222912,13.426,0.0,0.966672,0.0,0.008342527046
30774328,26983791,285.828,1277.0192093261714,37.06887357719639,106814.32267910296,0.17760523018799998
30774329,277276585,401.057,927.6112854175497,29.27868829062324,78581.683922143,0.24920518914700002
415402564,415402565,11.568,0.0,1.38816,0.0,0.007188019728
415402565,1319768816,478.908,1145.02570964612,87.23139125501815,208268.77453652135,0.29757954286800004
4853222912,4337994789,134.684,1277.0192093261714,17.46709268815903,50331.59884865131,0.083688731764
415402564,29927301,48.412,856.0513196019514,6.749396141339196,12802.483365284896,0.030081812852
26984656,26984647,31.049,662.6171337929615,2.2611751929227637,4342.251048250913,0.019292948179
2250437924,26984647,226.243,1986.514562724648,16.328187343560387,94583.93384336813,0.140580839153
26984647,26984655,14.574,2072.504671290648,6.881998579327872,21407.111874166178,0.009055860954
26984647,280323018,506.537,576.6270252269632,37.685444346267886,62089.30935371524,0.314747402227
26985691,26985690,1216.183,0.0,87.565176,0.0,0.755700846893
50842385,26985690,347.414,0.0,20.84484,0.0,0.215872984594
30770298,268656340,1285.988,45.453042140587606,92.59125506807972,12292.128064917484,0.799075649548
26985691,50843247,337.836,0.0,20.27016,0.0,0.209921493156
267400443,267401055,440.625,168.09575213661805,26.43755151177005,14955.531082218522,0.273791596875
27197226,27197710,558.557,1201.8694541038292,45.20998586206297,147435.8140002177,0.347071121647
27009012,267401055,189.612,630.5863393364723,13.657331877679578,25147.211630530233,0.117819398052
267401055,1187034612,64.679,798.6820914730911,4.657177021885722,10863.573399602348,0.040189654909
27088113,1594541229,1007.598,0.0,45.341910000000006,0.0,0.626092176858
27088113,8369931479,471.237,0.0,28.27422,0.0,0.292813005927
900980716,28248871,10.727,2333.218576610981,7.668492326847685,21172.083310142098,0.006665446717
900980716,1569732400,96.219,449.5986433892733,7.013051971969266,9132.868551882317,0.059787696248999996
1610104682,8369931479,50.337,0.0,2.265165,0.0,0.031277952027000004
27134823,27134820,11.447,0.0,0.8241839999999999,0.0,0.0071128338369999995
1599687519,27088113,1118.047,0.0,50.312115,0.0,0.694721982437
8369931479,1594541229,524.517,0.0,23.603265,0.0,0.325919652807
277276585,26984666,53.794,887.627481506722,4.597542926219244,10748.652386193256,0.033426031573999995
277276585,1086886752,51.566,39.98380391082792,3.712754858949546,433.58543782752747,0.032041616986
26984666,1086886752,18.188,1341.9693953643468,2.589099970533426,7660.353205754602,0.011301495747999999
26984674,26984666,14.69,1341.9693953643468,1.26182268235071,4448.4005902053395,0.00912793999
29551850,277274222,341.342,1935.136194880277,31.06629232942502,153500.44282385535,0.212100019882
26984674,30774328,460.001,1292.6152741590558,60.977596479984555,176850.71660727667,0.285831281371
26984678,26984674,13.952,2634.5846695234013,1.915865754555036,11225.671064317501,0.008669368192
277274222,26984678,178.571,1935.136194880277,23.587085515319508,102505.84877636582,0.110958840841
2250437924,26984695,570.948,1081.5065966589807,34.37125303116308,124738.84017254667,0.354770529708
26985225,26985243,350.384,1187.5075536696727,27.18649899861355,89820.63807447701,0.217718456464
26984767,26984749,594.317,1476.825533150066,104.11638556419732,323431.98108471045,0.369291348607
26984695,26985225,2773.779,1187.5075536696727,167.2343984910061,665543.059547473,1.723545831009
26985263,26985691,2431.585,0.0,145.8951,0.0,1.510916403035
1236954257,268656340,1764.579,16.015768045515372,127.04969051848168,5943.139297025972,1.0964582178089999
26985225,26985263,695.431,0.0,41.725860000000004,0.0,0.432120655901
26985243,26985263,327.9,0.0,23.6088,0.0,0.2037475509
4337994783,4853222911,164.968,1345.414799493094,23.603189299476718,69929.48839757367,0.10250633112799999
4337994789,4337994783,38.837,696.2141867715209,2.9941995312025202,5822.627062882623,0.024132185527000003
4337994789,27176696,448.437,580.8050225546501,33.39441781910019,55383.99879212104,0.278645747127
29551951,27176892,215.041,1895.152624821349,75.65636532985886,245786.58274200585,0.133620241211
29710850,27176900,980.004,1531.6971122172988,77.87346443450215,327132.60627912416,0.608946065484
354685073,27176900,1181.551,768.7204213343689,94.02187234749778,198059.9299851952,0.734181526421
602906773,27177333,193.775,1378.1350593576967,29.114323310223444,87354.82722039521,0.12040616552500001
27176900,29551951,69.766,1895.152624821349,24.54528198623952,79740.82491980035,0.043350569186000006
1137743423,74285830,219.81,1251.9896312495032,27.54171635073355,78526.44322608777,0.13658355951
74285830,1137743423,219.161,1124.7513918476618,23.388039385354208,62958.40175792284,0.136180289731
29710850,3423882385,146.906,2159.174940343615,24.25869162729065,111637.19541007295,0.09128312812600001
29710847,29710850,145.726,1531.6971122172988,27.89171035485177,88079.73878813903,0.090549910346
27186878,1329845591,103.579,2546.1076243045554,23.80552209233467,119465.59796909658,0.064360986809
27186896,27186878,493.279,2774.220126873414,50.01265111256865,338387.32980379247,0.306509265509
29710800,602906773,1078.656,1378.1350593576967,162.06600193271774,486264.0098580446,0.670245557376
27186878,27186880,12.446,3019.8995504477693,2.519280043334562,15480.883176785368,0.007733583466
27134823,300951340,181.93,0.0,13.09896,0.0,0.11304602603000001
300951343,300951340,10.873,0.0,0.782856,0.0,0.006756166883
27134820,27318589,166.089,0.0,11.958408,0.0,0.103202888019
300951343,27134820,175.264,0.0,12.619008,0.0,0.10890396694400001
27176658,27176657,19.097,783.0436870947735,1.530729579801456,3270.6749016570425,0.011866321987000002
27176659,27176658,12.14,372.27636835363046,0.8791380972189959,952.1428441280146,0.00754344394
321202084,27176657,135.332,908.348092025676,11.742460104464742,27875.8571330697,0.08409138017199999
27176658,321202084,133.457,391.9000279301345,9.67719274745554,11023.421442753888,0.08292630954699999
27176696,27176659,577.022,469.6378087041809,42.15449131998397,57253.84652673388,0.358544737162
5754859578,27176676,5290.826,802.667346671278,390.3498579860485,900181.3323556907,3.287565842446
27176676,27176658,144.702,802.667346671278,10.675914337439407,24619.603660096414,0.089913626442
27176659,27176676,146.92,1528.2814861624076,27.96429059168261,88224.99559580421,0.09129182731999999
27176695,4337994783,423.279,15.09689489121434,30.47608847696209,1343.8208838418363,0.263013295509
28321448,5754859578,283.566,1757.4938130206071,24.084639485335405,111853.7375580911,0.176199688986
27176696,27176695,13.33,444.427194807785,1.6184013058223161,1652.48724905167,0.00828287543
27176892,27176695,628.003,670.1568705746724,47.963947087360864,90309.42508702808,0.390222852113
29269512,27195297,1458.011,1691.5501003183083,363.92140036969533,1186085.5808227784,0.905965753081
5799377310,27199799,8.288,503.8593939779992,0.5990249102150039,879.2437314655549,0.0051499228480000004
27195297,29421277,11.525,1691.5501003183083,2.8766546612204817,9375.537166031325,0.007161300775000001
29421277,100084379,1425.075,2077.4216618352807,216.3361543208333,976151.4877240682,0.8855002778250001
5799377310,5799377313,25.19,1578.9178485148088,5.209720925999058,16651.537313457193,0.015652335490000002
30429516,30429517,213.103,988.0519993108812,19.749120655007165,49411.08499651868,0.132416024213
30429516,27199799,703.057,1459.8933337848457,119.89591996609194,370396.00780121895,0.43685923114700004
5799377313,27199799,20.773,2190.735127792157,11.874890417232294,35238.017218803514,0.012907739783
1446063627,1446063608,31.332,1026.9839265237026,3.0119519060041737,7708.107996468894,0.019468796172
33063425,27492597,85.108,472.8070312768816,6.220035841041306,8502.753073300202,0.052883643068
30429515,30429516,10.078,1470.4079825102704,1.747572410411574,5417.500149309782,0.006262176938
1446063608,1446063627,31.462,1476.8074761057026,5.511562618219734,17121.275242827796,0.019549574402
27253347,31271746,95.774,586.0897075046811,10.817935797054744,14888.015266091068,0.059511186154
27253363,27253347,372.247,586.0897075046811,42.046318903316546,57865.59002189114,0.231303490637
27492597,33063425,87.754,1158.2699653140874,9.744488014937303,26650.09544955064,0.054527790734000006
27253350,27253347,15.743,0.0,1.133496,0.0,0.009782243653
1329845591,542002954,15.319,2546.1076243045554,3.5207599313806317,17668.576596497252,0.009518782349
1329845591,1329845589,19.386,0.0,2.32632,0.0,0.012045898206
27186896,27186894,14.155,0.0,1.01916,0.0,0.008795506505
1329845589,27186880,102.667,3481.585098454468,24.79377265583701,167873.5221864023,0.06379429645700001
27195163,27195160,29.88,2768.600451400691,2.40513928441281,18125.72201352591,0.018566565479999998
4200802789,27195160,1730.408,1655.8477879040724,180.3299886954525,720770.1207263495,1.075225349368
27186898,27186896,113.447,2774.220126873414,18.705266635915017,110638.130704452,0.070492675837
27195160,29794183,1320.812,3546.561176769136,198.7747854336184,1534242.9954943657,0.820714273252
29794183,29794181,24.868,3570.23071576193,3.7951283645904663,29394.336211995083,0.015452254028
28373611,29794183,13.922,975.3388381330608,1.063065113505984,2913.5116559650414,0.008650727062000001
29270295,27195160,722.942,3183.826867516942,168.53546222326904,1053615.2148809885,0.449215193482
29794183,91357766,1134.014,951.6692991402676,84.85549721396765,229871.8470299977,0.7046434131939999
4200802789,28373619,42.797,1621.3601461537824,4.348664861821254,17181.519051109724,0.026592814686999998
91357766,4200802789,41.952,1655.8477879040724,112.48192240773358,78049.88763990974,0.026067756192
29421277,27195163,1054.952,1691.5501003183083,78.26964050899961,378978.55379965174,0.655516579192
28373611,27195163,1319.449,4514.756300392678,366.98135549474586,3089562.800124683,0.819867344579
27374015,27371120,321.471,0.0,19.28826,0.0,0.19975275674100001
30623092,479255325,86.333,0.0,6.215976,0.0,0.053644822543
27371120,30623092,262.028,0.0,11.79126,0.0,0.16281660038800003
1634370466,27371120,372.557,0.0,16.765065,0.0,0.231496115647
1940728506,1634344622,381.378,1691.998612256171,30.205629069342287,140441.21368344405,0.236977229238
1940728506,268020883,219.852,1624.3081079919052,12.295809450108635,71566.00499106919,0.13660965709200001
27371130,1940728506,229.076,3316.306720248075,18.900278643809898,168247.6470063711,0.142341183196
27374015,27371130,621.546,1871.5575851411463,55.15831119180038,266783.55134298647,0.38621065956600004
1940728489,27371222,190.861,0.0,8.588745,0.0,0.118595490431
268020883,1920752830,715.477,1624.3081079919052,40.0149594178601,232901.36343083184,0.444576658967
27371222,268020883,438.509,0.0,26.31054,0.0,0.27247677583900004
27371222,1634344622,177.209,0.0,7.974404999999999,0.0,0.11011253353900001
27371251,1940719419,418.968,1730.465754308269,33.93971301572988,159285.57277693634,0.260334565128
27371261,27371251,169.261,1730.465754308269,10.377898513125624,59329.72967275199,0.105173876831
1634344622,27374011,218.174,1691.998612256171,10.014199779079254,73738.71620555602,0.135566996554
27371251,1634344557,530.087,0.0,31.80522,0.0,0.329380689277
31271745,31271746,14.429,0.0,1.038888,0.0,0.008965762159000001
31271746,31271840,137.406,586.0897075046811,15.520384301899313,21359.68661278123,0.085380103626
27253350,27253366,358.927,518.3824454825996,34.83842129650789,44821.30661293269,0.22302682891700001
31271745,27253350,98.882,518.3824454825996,9.597753232945115,12347.971705945796,0.061442407222000006
27253370,733557821,171.559,1209.5295186664848,139.7923138764704,183584.25196596317,0.106601787389
1827452339,5895007349,31.548,0.0,2.2714559999999997,0.0,0.019603012308
27253363,27253366,15.262,511.1941667023765,1.46059156149279,1864.1327640374786,0.009483364202000001
27253370,27253363,15.506,0.0,1.116432,0.0,0.009634978726
27371104,268021513,268.133,0.0,12.065985,0.0,0.166610070343
27371108,27371104,83.853,0.0,6.0374159999999994,0.0,0.052103822463
27371094,27371104,179.261,0.0,8.066745000000001,0.0,0.111387586831
3553632155,27371094,57.546,0.0,4.143312,0.0,0.035757415566
27371110,27371108,62.223,0.0,4.480056,0.0,0.038663567733
3553632155,27371108,242.663,0.0,17.471736,0.0,0.150783750973
268021513,27371130,197.368,1444.7491351069286,10.231456021392612,56921.335931841975,0.122638751528
268021513,1634344557,417.664,0.0,25.059839999999998,0.0,0.259524297344
27539592,27539586,98.989,2913.9549520900323,63.78335089630998,234636.90828013234,0.061508893919
3037255200,29018804,63.528,2236.2715545655587,39.03835493318796,113390.10063113431,0.039474456888
27432691,3037255200,99.434,2909.286610154459,18.329028539544233,110889.1428422995,0.061785404014
27539586,270654973,746.927,2433.976750571925,94.88496549444486,523984.38562931604,0.46411877691700004
27432942,1029432889,27.097,1149.1270861865785,2.97592783811361,8104.216493960314,0.016837289987
29825865,27539568,1424.59,1411.505830247863,225.23732860314482,684216.9384229911,0.88519891289
27539592,3037255200,14.924,2681.117542010876,2.120055079356042,12538.196799888756,0.009273340804
29825865,27432942,20.347,0.0,1.464984,0.0,0.012643035737000001
1029432889,8920464606,444.977,1149.1270861865785,48.869595956020305,133084.47218633004,0.276495803467
27434215,29283308,908.27,1423.656713270996,146.33161993675475,446461.77220518905,0.56437263817
1029432861,29825865,23.333,1411.505830247863,3.689105348414052,11206.616517189963,0.014498449543
1029432861,1029432889,12.535,0.0,0.90252,0.0,0.007788885485
443546729,1108743218,532.848,1653.259387776354,43.762075142341814,194703.6025285318,0.331096294608
27433693,27433690,20.098,3034.315574235312,3.7568989647445865,23630.462298222683,0.012488314358
27556349,27434215,921.321,1452.2108446620605,155.22170988382692,478295.66925865907,0.572482151091
443546728,443546729,12.991,6.1523264686499965,0.93535200040374,16.807727013592892,0.008072230661
27374011,1940719419,190.344,1691.998612256171,11.306617567560702,64943.873577553946,0.11827424162399999
27371261,1634370466,419.003,431.4788374218228,18.87793363976689,36137.95326685354,0.260356313113
1634344557,268019881,244.591,0.0,14.675460000000001,0.0,0.151981754261
1940719419,268040890,298.814,3422.4643665644417,17.948866754485902,206529.58889613024,0.185674353994
1940719410,27374015,192.071,1871.5575851411463,11.869312325467488,72905.8660064442,0.119347349341
27378769,267274898,641.427,0.0,28.864214999999998,0.0,0.398564136417
1570838365,27371261,571.15,2161.944591730092,36.2315159367276,251587.26791946404,0.35489604665
27374011,1634370466,464.789,0.0,27.887340000000002,0.0,0.288806405719
267274898,695597115,1342.489,0.0,60.41200499999999,0.0,0.834183732419
32144393,267274898,400.227,0.0,18.010215000000002,0.0,0.24868945121699998
27378769,3433830957,150.428,0.0,10.830816,0.0,0.093471596788
1234120250,27378769,653.469,0.0,33.60697716,0.0,0.406046685999
2755734621,27378825,1865.68,0.0,111.9408,0.0,1.15927944728
27539586,27432691,13.379,995.8324226227254,1.0677353523666961,2908.757569818296,0.008313322609
3433830957,32255254,26.748,0.0,1.9258559999999998,0.0,0.016620431508
3433830957,8140196778,38.765,0.0,2.79108,0.0,0.024087446815
267980714,267980715,77.154,1720.310278913234,6.47124986912301,29615.53331617508,0.047941258134
364309968,26938187,22.14,1421.326807417763,3.554097806462802,10834.662288873711,0.01375715394
675602656,26903229,48.083,1645.2402175507682,11.104123865258712,35962.37983568139,0.029877381793
675602656,267980715,12.928,0.0,0.9308160000000001,0.0,0.008033084288
26904547,26904552,45.887,1933.7556177224037,8.397463008816565,33824.02668665498,0.028512851077000002
1753097278,29950195,23.629,1051.2046038136352,1.746531694014618,5268.344819723707,0.014682375359
26904559,1753097278,41.717,761.1918612117661,3.30742991488221,6913.972505392669,0.025921734007
26904559,29950195,51.775,1135.544608004148,4.4111853097601825,13214.98246605481,0.032171483525
26905937,26905940,38.699,2184.4661986685805,6.56224669244733,30372.9180217487,0.024046436329
27252603,26905937,445.614,2184.4661986685805,252.19774583288032,750490.8092203117,0.276891616794
1753097278,1753097282,14.389,768.6966588247936,1.057535428783188,2341.5203028947262,0.008940907319
1753097282,3720324470,68.229,1861.780656604656,8.425055156650572,35865.5156255957,0.042395521959
1446063608,27252603,1817.581,1026.9839265237026,139.52926328261077,401311.97963233397,1.129392123551
33063425,27252603,3204.114,1158.2699653140874,355.7951828007023,973060.4181147476,1.990943520294
26905940,26905938,14.655,2633.022058734889,4.073341744026846,20003.92943866131,0.009106192005
26905940,26906147,1710.328,1837.7994933870723,278.0255093779604,1092840.8909316165,1.062748219688
26876583,27544587,1650.177,3322.290220403368,434.05505177886243,2736000.619803715,1.025372132667
3037255200,26876583,13.644,3354.132597599777,1.8391520464634281,13782.55602029617,0.008477985924
262476527,588159289,17.036,850.9092634648282,1.2648605681479919,3079.3270888389284,0.010585676356
26876583,28096372,14.417,1624.036732159165,1.467758147277588,5804.381778992629,0.008958305707
28096372,543507321,343.204,1929.9872853013587,128.00507999858198,413497.9065013958,0.21325701268400002
26881960,271245825,180.039,165.08793168276844,12.963017696699628,6250.447988376091,0.111871013469
29018804,26876583,64.645,1592.1943549627554,6.434607361032708,25167.680311683365,0.040168528295
28096372,27539592,15.108,2714.382132129127,1.494687232451628,9990.889072839529,0.009387673068
26881968,26881969,14.333,2091.9407580612487,3.211006757855598,13328.584577862657,0.008906110543000001
26881968,30840915,27.916,344.4188425412015,2.0116352257885257,2022.4647756996276,0.017346192836
271245825,26881968,27.407,162.31716494928628,1.9734550247160778,935.5421820644544,0.017029914997
271245825,30840915,30.904,2.7707667334821973,2.225088000231342,18.007013489622903,0.019202849384
26903229,267980715,56.646,1327.9629374002532,7.89988716252807,23243.552533925857,0.035198181666
364309968,26903229,893.823,1327.9629374002532,124.6531236675552,366762.3813955307,0.555395691333
26881976,251105127,70.448,2255.979347429861,7.546233666990942,40690.82570675675,0.043774344208
251105127,27009124,59.232,13.117560526981263,4.264704222749851,163.3941528385461,0.036805047072000004
146677692,2485233905,464.509,1525.070513345837,53.39187653915454,190152.49083977143,0.288632421839
26906172,146677696,234.746,2086.848224213322,52.24365244978886,216699.4588545243,0.14586435676600001
26906170,26906172,14.122,1796.632191339466,4.208612337366396,13782.301174979923,0.008775001262
26906170,26906179,76.479,452.9866903303376,5.576341887257184,7314.781595215621,0.047521832709
146677696,26906455,676.865,3875.548940469987,124.49493325639656,1003839.9069306069,0.420584281915
27253366,1617500942,655.77,511.1941667023765,62.75796935395937,80097.12637091195,0.40747646067
26906179,26906172,75.6,1320.1457889583712,5.754512101377678,21389.278897605305,0.046975647599999996
30099387,26906179,1486.179,1315.5977850602144,126.08167496656353,438589.51956806827,0.9234685314090001
30099387,27452628,86.346,448.4386864321807,6.231874221703494,8148.920105457124,0.053652900366000005
27452629,30099387,87.029,1315.5977850602144,11.921485546575708,34901.96253769248,0.054077296759
27253368,27253370,15.455,1209.5295186664848,12.593278178124432,16538.3023574045,0.009603288805
27253366,27253368,15.172,518.3824454825996,1.472635181835348,1894.616074943968,0.009427440812
267345817,1617817926,266.923,2426.2911320768403,33.72357640784046,185917.52752996,0.165858211433
1617817926,267345817,266.964,1772.8774898723334,40.15753469367867,154959.55269169313,0.165883687644
26906455,146677692,681.873,3248.5894394832258,168.1769612992391,1056234.6805118572,0.42369610788300005
267345817,26906455,605.331,1772.8774898723334,46.55082532766103,230878.9413993277,0.37613512880100003
26906146,26906174,624.985,2218.2286520967823,68.72677796309911,361132.8730151982,0.388347554435
782959423,26906146,59.579,972.4717688762228,4.518007389509724,12400.07781571137,0.037020662809
26906147,26906146,14.328,1846.3458129864289,1.11422864121525,5715.765774386698,0.008903003688
26906147,782959423,51.181,897.2786152655124,4.404687498379536,10372.346242674994,0.031802389151
27452968,782959423,3584.929,972.4717688762228,327.6645750310573,811997.5704448952,2.227570917659
26906168,26906169,14.786,2062.30160903802,6.866435843211049,21432.204605529238,0.009187591606
26906174,26906170,224.856,429.527935840116,16.250389357075704,20334.5575146795,0.139718997576
26906174,146677696,473.725,1788.7007162566654,72.6033274276667,281459.49509996455,0.294358976975
146677692,26906168,232.254,1723.518926137389,32.99111208411214,125427.22198053812,0.14431590023399998
26906169,26906170,27.029,1820.090945829688,3.217083199525968,13530.339684257282,0.016795036759
26906168,26906175,81.867,691.1470731838855,5.974468656276528,11950.275720411286,0.05086977965700001
26906172,26906168,27.227,1029.929756084516,2.001879251326962,5937.145307336489,0.016918068217
1617500942,26906175,15.654,0.0,1.127088,0.0,0.009726941634
26906175,27253368,650.993,691.1470731838855,98.42815967153652,147894.6375231998,0.40450817140300005
26906169,2485233905,217.84,567.4630858905458,15.863795083855265,26090.015694222177,0.13535945864
1617500942,26906169,78.242,511.1941667023765,5.640667861353539,8414.489107331434,0.048617309782000004
26906825,2329469185,326.075,3670.839143981621,28.233905233770276,271152.65410095756,0.202613548825
267340733,26906825,250.59,4182.986614856,15.73750172017543,213179.30365311357,0.15570935889
29831326,29831327,31.947,3286.1550750859133,31.87424959538243,98659.39327964679,0.019850939337
26906825,5755822652,311.169,3477.5990167525374,25.333982528418964,238258.34746185996,0.19335139269899998
2329469185,319711973,48.485,5902.372195811897,32.68686380637747,236886.05581293386,0.030127172935
26906842,26906841,59.79,1216.872188409751,7.1487846173767435,20074.83589756581,0.03715177209
5755822652,2329469185,10.567,2231.5330518302744,2.8409696055160323,11948.341248076476,0.006566027357
5755822652,1307548967,12.232,1246.065964922263,11.115712359302826,13948.452982759685,0.0076006100719999995
267350171,26906842,52.277,1261.7412565432355,6.638021559409721,19004.86811380064,0.032483411767
26907218,26907220,79.542,561.1668635228516,8.464757523814344,11379.879821071576,0.049425092082
267350171,26906841,13.281,7.8021728481973,0.9562320010675741,21.790810013172624,0.008252428251000001
26907212,26906842,576.867,1216.872188409751,68.97303789717799,193686.40842483853,0.358448424657
26907236,26907220,47.881,353.3792670341035,3.463628981486988,3563.466664661784,0.029751864851
2055717313,2055717303,13.143,0.0,0.946296,0.0,0.008166679053
26907218,26907236,57.779,1455.027009396448,5.269763037659946,19558.758875711126,0.035902195009
2055717313,26907218,83.201,2016.1938729193,11.881611185784354,52776.000825508054,0.051698688571
351676075,26906626,48.654,1903.6482075988429,8.575261040241587,34291.0831705259,0.030232184634000004
1617817926,1192469943,96.049,2426.2911320768403,8.56700770918617,53585.57720012827,0.059682063179
26906626,1192469943,13.006,2309.823812113001,1.516959588750438,8145.891019707324,0.008081551226000001
26906630,26906626,85.352,406.1756045141588,6.155298297568308,7294.154484040159,0.053035257592
351676075,351687421,19.452,3625.58403885464,15.80237601595263,62333.517873742276,0.012086908692000001
319711973,351676075,32.996,5518.647079086506,17.560213262709436,136603.0581067719,0.020502757516000003
1192469943,267346512,11.756,2963.237454317509,2.2677429181956,13829.38815865305,0.0073048374760000005
26906630,351676075,47.942,10.585167366977796,3.45182400257898,106.71879355069179,0.029789768482
26906645,267341522,378.282,1448.347958236982,27.52878587110095,115608.87404040083,0.235053464622
26906645,29831327,66.784,10.723003035184496,4.8084480037833774,150.59684948109953,0.041497640864000006
319711973,26906639,47.979,407.2923090337,3.46014540935448,4111.565931017101,0.029812759209
1307548967,26906639,40.191,1246.065964922263,36.52318471490681,45830.79413261075,0.024973521861000002
29831327,267341522,339.516,3290.416029396022,26.198347237023167,240649.9752809645,0.210965396436
29831327,29831325,24.654,6.462048725075767,1.775088000058284,33.5030734934147,0.015319280634
1124803473,26906645,645.254,1459.0709612721655,58.98906314533049,219307.54679110655,0.400942123234
267341522,573213381,346.716,4738.763987633002,16.80223276516191,327809.30363311985,0.21543926763600002
27433695,26907967,973.178,1518.0483304787217,182.17802487454415,573086.8634873014,0.604704587038
539267239,27433692,66.787,1071.0305821739694,4.92781180660197,15162.66016807132,0.041499504977
26907967,26907947,18.574,1071.0305821739694,1.867503359833518,4894.015618383317,0.011541344954
26907947,539267239,923.063,1071.0305821739694,92.80840173565254,243215.50224786083,0.573564579373
26908559,26908558,14.134,858.0044946643854,1.183809326215452,2704.123949084562,0.008782457714
26908558,27433691,1284.286,1949.0222863143297,117.59414316815831,583568.7959597326,0.7980180761060001
27433695,539267239,45.399,0.0,3.268728,0.0,0.028209622029
3490423766,26908542,466.994,5075.369041059458,23.14156339282415,472845.9528505085,0.290176528774
27433690,26908559,1279.939,1516.2672437565905,238.91263161274063,751172.663835262,0.7953169763690001
27433691,27433692,20.177,1949.0222863143297,1.8474833695173238,9168.259714798342,0.012537402667
26908560,26908558,140.539,1841.4389377628136,8.479078147587527,52295.48965418231,0.087326858969
26908559,26908561,143.164,658.2732993504553,8.590617506683452,19029.23339248335,0.088957957844
26908561,26908794,405.103,193.15205776789455,24.306262560668472,15799.409348076184,0.251719256213
26908561,26908708,187.528,815.7128825813605,11.26383698247649,30891.831907245087,0.116524460888
27433691,27433695,14.672,1518.0483304787217,1.162021555039218,4847.422186662037,0.009116755312000001
27433690,27433691,20.001,1518.0483304787217,1.584078048141996,6608.048742872643,0.012428041371
26907935,26907936,36.63,2591.704004556907,4.877964203192958,28332.51066908862,0.022760819730000003
26907937,26907935,16.56,4729.619245667585,2.648304263174232,26887.715873857567,0.01028990376
267339581,267340733,593.845,5178.682846263076,35.988271416842124,621842.7997697202,0.36899806149500003
26907935,1631771975,290.908,2918.060162047628,24.65153682293275,190318.8641311583,0.180761794868
26907936,26907938,16.852,3253.7814836156363,1.545235869984096,12793.427077146853,0.010471344092
26907936,26907954,85.435,1071.0305821739694,8.58997251789474,22511.049012414078,0.053086831385000005
1631771975,267339581,392.934,6612.485094719629,22.838234083656364,522590.70111805876,0.24415779251400002
26908542,1631771975,558.522,3694.424932671997,27.390504149963423,411655.6193771366,0.34704937366200006
26907938,26907937,36.0,2985.0076868437527,6.466993199889785,40377.58973510312,0.022369356
26907954,26907938,94.751,1518.0483304787217,7.504273743287964,31304.396101991217,0.05887552362100001
27374464,26907936,346.938,1733.1080612326994,20.906811514898376,121482.7899127905,0.215577211998
26907938,267337719,285.184,1786.8221272506053,17.536698027352386,103266.3927252465,0.177205067264
267337719,267337350,477.531,5410.962732756253,24.298539715306408,515599.34450625564,0.296723915001
27374464,267337719,641.326,3624.140605505648,31.25963889331933,463708.75298721343,0.39850137794600005
26907967,26907954,83.383,1518.0483304787217,6.6039287979713155,27548.568987898107,0.051811778093
26908542,26907937,253.746,0.127363372605896,11.418569999999999,6.4602865269103535,0.157670405766
26908795,26908980,119.556,2359.291105906032,7.715745264863628,57664.86788083575,0.074288631276
26908746,26908821,140.738,3716.667144289492,12.376487552820084,119410.23088561255,0.08745051179800001
26908724,27683839,291.134,0.8662037476284812,26.202060000000575,58.25798205445183,0.180902224714
26908724,26908795,213.782,286.5408757525198,12.827131022058552,12368.998812742939,0.132837935122
26908821,1962520990,240.505,2425.055505974304,50.87569591188431,248380.02659445623,0.149442832355
26908821,1955853099,115.941,1291.611638315189,7.712413717764024,30818.124928210524,0.072042375111
26908750,26908746,256.537,821.3868609869403,23.498687753532842,49136.31269318793,0.15940465222699998
447768312,26908746,204.395,2895.280283302553,14.366718548145444,123551.32098318062,0.127005125545
447768312,267333321,336.965,27.88183040334108,20.21790047708997,1897.0637582702022,0.20938027901499998
267337350,267333321,761.838,3146.005715983906,42.4781506225745,480205.8123322638,0.473384039898
26908750,267333321,229.347,380.5510697287783,13.772088736368563,17625.060382866235,0.14250957473700002
267333321,26908765,216.998,3554.438616116025,16.826027420261507,166461.08625633628,0.134836264258
26908766,26908765,64.439,1053.835392631629,6.363644768412882,16526.402378179235,0.040040525869
27186900,27186898,64.297,4697.4708557144895,53.72139065635494,269373.66303814366,0.039952291187
26908765,27186900,15.325,3554.438616116025,4.9391319901461115,31123.433514517354,0.009522510575
26908765,130101293,522.866,1053.835392631629,38.520667446539534,116740.91931547275,0.324893769286
26908794,26908795,102.951,2072.7502301535123,6.455305943574036,43386.09404639665,0.063970765821
26908673,26908794,425.167,1879.5981723856175,26.2870360489291,162090.5742908551,0.264186443957
26908698,26908560,297.907,1984.2984419324637,18.550688342418844,120043.46942060291,0.185110770497
26908788,26908560,291.34,1633.4203802844586,17.784070342987196,96328.39076826554,0.18103022714
26908665,3490423766,91.495,3082.8301753662745,6.699757898299087,59638.684572426,0.056852339645000007
26908788,26908665,308.584,1703.1690311367854,18.895242348430525,106437.4335758949,0.191745148664
26908708,27683839,144.333,1201.07172696809,8.70395965297383,35028.07446128262,0.08968434054300001
26908673,26908708,179.347,385.3588443867294,10.761399116347247,13955.278103898769,0.111441024737
267337350,26908673,157.543,2264.957016772345,9.57249798364743,72179.58778674199,0.09789265145300001
26908698,26908725,245.834,4.463774958295465,22.12506000034298,253.50509415180062,0.152754118414
27683829,26908665,417.229,1379.6611442294884,25.255087491366215,116375.24078136728,0.259254000959
26908767,3490423766,907.679,1992.5388656931848,41.155915258068624,361425.5569296313,0.564005407909
26908828,26908725,106.651,282.94330454185285,6.399160085923698,6093.139670609516,0.066269838521
27683839,26908750,59.316,1201.9379307157185,3.5770863517720084,14405.769923454662,0.036857242236
27683829,26908698,50.327,1204.8890340658002,3.0351510076660864,12252.754633884177,0.031271738316999996
26908725,26908724,142.127,287.4070795001484,8.527648048638383,8248.02743850801,0.088313596117
26908974,447768312,65.115,2923.1621137058955,4.603050331149438,39805.44896781764,0.040460572665
26908981,26908974,176.689,8722.14014460866,14.969652311935477,345480.8437504984,0.109789420619
26908820,447933658,497.966,7667.906210162233,34.224144667757884,792241.2651523052,0.309421631386
26908974,1955853099,535.376,5798.978030902765,37.2251443629323,646194.3670323208,0.332667120496
268060789,26914806,546.137,1054.660890361812,32.86715805091299,116351.2669645575,0.339353693827
26914836,26914821,319.302,793.7066055575892,23.012009540785595,53311.43122738978,0.198405003042
205325342,26908981,1326.828,7870.261523266661,170.13492642464934,3030423.4621022427,0.824452441188
26914863,26914806,266.034,0.012525074030483,19.154448,0.7007199396068008,0.165305812614
26914828,26914834,216.771,86.2323148560668,19.50939263258864,4318.3089274408185,0.134695213041
26914860,26914828,107.534,378.9010592216395,6.452364533446739,8227.169772606056,0.066818509114
26914975,26914821,492.964,566.2024274853699,29.585258438436547,56360.87039713975,0.306313533644
26914828,1976179661,115.837,292.668744365573,6.952211054030328,6845.678936040688,0.071977752527
26914834,26914836,172.77,1416.0134226904709,12.561487656279798,51607.109600233554,0.10735426767
26926430,26914834,202.804,1329.7811078344043,14.713314574938202,56849.77696128751,0.126016524284
1976179661,26914972,37.366,292.668744365573,2.242602262186494,2208.2377748396134,0.023218148786
26926430,1976179661,300.896,0.0,27.080640000000002,0.0,0.186968048416
274107527,130101293,14.892,851.8786213420012,1.10582912228223,2694.9846134152954,0.009253456932
26908766,26908767,129.336,2968.306568324583,9.230320742821325,80514.26602081231,0.080365639656
274107527,27186900,524.089,1143.0322395984658,41.56777623204915,130453.30119224993,0.32565370601900007
130101293,26908981,181.096,851.8786213420012,13.055669582472156,32455.507564542277,0.11252780261600001
26908767,26908780,124.616,975.7677026313978,7.480227419609706,24553.990639008287,0.07743276853600001
26908780,26908826,308.09,816.2730303104146,18.50542764002334,50787.103797964555,0.19143819138999998
27186894,26908766,118.809,3081.469408825072,13.869079911683112,99329.7879753801,0.073824467139
27186898,26908766,15.234,1923.250728841079,2.751422426800182,11054.993244557116,0.009465965814000001
1955853099,26908826,31.048,7090.5896692179485,1.9358199778068121,44715.82312919562,0.019292326808
1962520990,27683829,75.814,2584.5501782952874,4.646684097544614,39688.26052917627,0.047108620994
26908780,1962520990,192.389,159.49467232098365,11.543358229524642,6195.870938310513,0.119544945319
26908826,26908820,192.353,7906.862699528368,13.816095507322476,319598.18118579034,0.119522575963
26908828,26908980,563.958,5301.850864803755,35.044479726153384,606975.9668902864,0.350427146418
26908832,26908828,69.481,5584.794169345609,3.3166680827937,77435.825409065,0.043173478450999996
26908832,26908788,135.196,3336.589411421244,10.565255667949849,97650.77422926378,0.084006873716
26908980,27538910,752.677,7661.141970709793,51.66695487404411,1196031.854186437,0.46769166016700003
31271840,26925679,49.015,233.409561316131,3.5795728832317684,2416.8408850224914,0.030456499565
26925680,31271839,38.233,188.7476170502025,2.7696178920775743,1520.4894065083356,0.023756877442999997
26925680,26925679,14.708,0.0,1.0589760000000001,0.0,0.009139124668000001
26925679,31388524,165.658,233.409561316131,12.098028862397406,8168.295977375414,0.102935077118
26936200,28096072,455.082,1739.7202442857388,123.19619700128234,403077.8905152023,0.282774757422
29210923,26936200,68.754,2059.174722648552,10.247072920940777,46024.32252668815,0.04272174173400001
31271840,31271839,20.04,352.68014618855017,1.449605558846604,1488.476785728248,0.01245227484
31271839,31271745,147.522,518.3824454825996,14.318882632132542,18421.932020029297,0.091665892662
213227878,26943854,139.482,2945.9286356615494,15.25484078644728,106649.71831953815,0.086670069822
26943854,213227878,143.605,2986.4342972406507,28.251602736991792,172841.8748175196,0.089231982455
29210923,29210921,19.61,0.0,1.41192,0.0,0.01218508531
29210921,535639708,8.648,1919.1458033055849,3.167459039369262,10251.625413347483,0.005373616408
26952351,26952355,177.483,870.8628582185511,12.917178031153487,32615.338602036332,0.11028278919300001
275415670,26952351,265.714,870.8628582185511,19.786277986178824,49204.953439495155,0.165106973894
275415671,26952349,42.007,1014.0774572938888,3.214851753687636,9147.824023490763,0.026101931597
26952353,26952351,14.677,0.0,1.0567440000000001,0.0,0.009119862167
26914863,26914860,322.213,281.6197894534689,23.199692112621534,19082.50315185386,0.200213814023
268060789,26914860,309.335,97.2812697681708,18.56010405654565,6076.229319918703,0.19221179828499999
26914836,26914852,310.692,622.3068171328817,27.972514106876005,44674.562993474276,0.19305499873200002
26914975,26914852,241.679,0.012525074030483,14.50074,0.6112164972650526,0.150172321909
27088393,27088389,337.117,0.0,20.22702,0.0,0.20947472740700002
1657703360,26914975,50.491,566.2149525594004,3.041618210966964,5775.8000982253925,0.031373643161
26914972,27088393,968.158,3640.6795389186336,47.25673868200676,703211.6500854401,0.601585304618
1657703139,26914972,670.827,3348.0107945530617,39.4433478623068,452323.1218188271,0.416832443817
1624946286,26917059,108.642,0.0,6.5185200000000005,0.0,0.067506988182
1624946286,26917067,140.464,0.0,8.42784,0.0,0.087280256144
268053213,26917058,101.053,0.0,6.06318,0.0,0.062791403663
268053213,1624946277,153.315,0.0,6.899175,0.0,0.095265494865
1624946268,26917067,181.14,4009.605092520197,6.111273972286597,151233.6382317546,0.11255514293999999
1657703139,268060789,101.734,1151.9421601299832,6.1302700548130025,23677.22942131257,0.063214557314
1624946268,1624946286,141.579,0.0,6.371054999999999,0.0,0.08797308480900001
26917067,1657703139,1836.413,4009.605092520197,85.89641506512689,1470029.5363873073,1.141093782223
26952872,31261037,53.461,1049.7666391852415,5.257555488876222,13624.155911099828,0.033219115031
26952872,5282742776,72.955,1226.6363234894743,8.835579728772414,24917.838170744613,0.045332121305
248386285,248386473,68.562,1773.011612151617,7.839626681927791,32512.644464486028,0.042602438502
248386845,248386285,80.841,1371.763493062717,12.030032266692679,36007.590202052525,0.050232253011
5282742776,821551878,232.73,1630.2112632720346,52.412717407227404,169310.05395969548,0.14461167283
28095439,5282742776,12.046,586.3803415040654,0.89820549751317,1502.6896252796753,0.007485035066
28095439,26952872,70.245,1049.7666391852415,34.66591317891111,53400.30132036696,0.043648205895
5282742776,28095424,14.669,182.80540172150504,1.056523355644392,563.9781473579908,0.009114891199
3356361105,26952875,50.17,0.0,6.0203999999999995,0.0,0.03117418307
26952876,28095432,290.363,953.3330719151592,36.556374128820515,79262.0494006323,0.180423147673
26952876,26952875,60.309,1136.2762442887715,7.4642511696546,19380.601004451186,0.037474263639
3356361105,26952875,49.646,1465.7492733680992,14.24225028122997,38539.425965324306,0.030848584666
28095432,28095439,15.508,1636.1469806893078,1.59277297071156,6324.605474204654,0.009636221468
28095424,28095432,11.792,682.8139087741476,0.904627677763152,1730.6360472478261,0.007327206832
28095424,26952876,290.612,1136.2762442887715,52.38821701985802,124413.6878769103,0.18057786905200002
2453778078,3356361105,377.994,1465.7492733680992,108.43744013220082,293430.92652654386,0.234874509774
3073311336,26952355,20.586,0.0,1.4821920000000002,0.0,0.012791543406
29986612,26952355,42.204,1669.282555984943,4.442841573252114,17836.254915384878,0.026224341684
26952353,275415671,355.635,1014.0774572938888,27.217221020846615,77446.29220354083,0.220981275585
29986612,26952353,192.708,1014.0774572938888,14.748200341601107,41965.83597778603,0.119743162668
29498342,29018805,38.416,1241.4273513348137,5.261529947676786,14536.03855030642,0.023870588335999997
29325968,29498342,39.014,1433.8718367116244,10.64402605841886,28633.625570070206,0.024242168194
275415670,275415671,30.253,0.0,2.178216,0.0,0.018798336863
3073311336,2741636994,186.01,1821.9796946569595,57.85759076473174,189300.5956967092,0.11558121971
270654973,27539563,28.783,2433.976750571925,4.289292272222088,22772.38334756905,0.017884921493
270654973,270654946,16.601,0.0,1.9921200000000001,0.0,0.010315379971
27539563,27432942,1425.165,1149.1270861865785,113.26014791026618,356924.9869249504,0.885556201215
27539563,27539568,28.286,3298.618337464046,3.69812344065972,27467.770125634364,0.017576100106
26952871,31261037,33.805,1226.6363234894743,28.99657441845553,37289.06507362672,0.021005446655
31261037,26952871,35.244,1049.7666391852415,17.392916849278144,26792.515050679976,0.021899599524000002
270654946,27432691,750.823,2019.3989884041205,153.17778290067633,628243.6233990864,0.466539638333
248386285,26952871,390.044,1371.763493062717,58.04284837433826,173730.46489738344,0.242362030324
262471375,27484568,140.748,237.27606300714896,10.134460845664284,7023.139533094473,0.087456725508
303785121,3221940598,11.815,0.0,0.85068,0.0,0.007341498365
3163433363,3163433362,23.395,0.0,1.6844400000000002,0.0,0.014536974545
262471375,343590422,15.76,605.0796832987721,1.1805461221142222,2031.953366037394,0.00979280696
1782327774,26755098,8.752,0.0,0.630144,0.0,0.005438238992
24986079,28302018,13.208,0.0,0.9509759999999999,0.0,0.008207068168
21441727,28252682,11.901,0.0,0.8568720000000001,0.0,0.007394936271
28253036,28252641,14.08,0.0,1.01376,0.0,0.00874890368
21483449,150731135,3773.804,224.66191733405608,271.75508245479216,178302.08676038793,2.344932365284
26784970,26785792,358.639,1383.2808420476572,43.62277673967524,138562.78271319013,0.222847874069
21441736,26752863,54.33,936.6997294382332,3.968465856269796,10751.446957894637,0.03375908643
2861733605,262476527,739.431,1677.148630785532,61.1708089067626,274980.45076406514,0.45946097990100004
802800009,26938187,13.411,0.0,0.9655919999999999,0.0,0.008333206481
21487154,325627540,119.622,0.0,8.612784,0.0,0.074329641762
26785772,26785774,14.978,622.0051927033538,1.096213483588866,1969.5015255724225,0.009306894838
26785772,26785781,258.923,874.9792470543796,19.84718779881562,48680.086371968915,0.160887243433
26745957,29030468,10.95,0.0,0.7884,0.0,0.00680401245
972501397,29025740,29.612,0.0,2.132064,0.0,0.018400038052
26905525,26905529,87.192,19.040382477086755,6.2778242485912985,349.1237092464893,0.054178580232
487727796,268107482,48.515,28.57250648622708,3.493080008659458,291.5086230459612,0.030145814065000002
29787110,29787103,19.663,1875.2141451664331,1.5363678564582361,7981.451177310788,0.012218017973000001
418948263,7236745756,201.185,571.125272237738,24.198141429072095,31837.30003776227,0.125010524635
26602511,26190998,2307.596,0.0,166.146912,0.0,1.433873234116
296092115,21483449,88.776,224.66191733405608,6.391997591426538,4194.25405106512,0.055162831896
598284527,2058326252,401.22,2586.6852246618946,37.79964456562476,245778.07696370792,0.24930647262000002
29276692,29276965,46.044,2151.83970971533,4.653609347320428,24452.44692024025,0.028610406324
20246107,598284527,25.201,2586.6852246618946,3.583585925851068,20442.2709230769,0.015659170571
20246107,2395404884,612.881,1609.57922730132,49.70458065844087,216836.6521351587,0.380826479851
276248266,3600010793,197.748,952.8059227778442,17.77323927869031,43496.21453196983,0.122874872508
533757985,122341702,8.255,1396.00364860784,1.274455501636632,3849.574004837793,0.0051294176050000004
29276692,3243910627,1133.619,1569.0485050019597,230.66618362154682,735536.4242004543,0.704397971649
28255885,28255899,12.354,0.0,0.8894880000000001,0.0,0.007676417334
26849072,26849055,270.338,1008.559751697239,19.843563878674097,57694.90868421919,0.16798019339800002
5140365111,26867704,13.691,472.42016572894096,0.9911654934360901,1362.5140435324001,0.008507190361
21487245,26762981,14.532,601.3331123235561,1.0875225277865281,1861.4005698261342,0.009029763372
21487246,26788842,159.901,1373.3939825410598,12.284163187415093,47227.258069608426,0.09935784427100001
27785840,27786187,378.201,2447.1517493663428,47.5995536164766,264947.4889575429,0.23500313357100003
27785820,27784976,748.503,857.3256467251646,104.4398482042627,198360.05032394693,0.46509805761300005
21487269,27785840,20.644,2441.9224165387045,3.0842661722346363,16418.557342805732,0.012827582923999999
21487269,772829329,142.135,2463.6793175512908,21.386273267353776,114673.86225644815,0.088318567085
26952393,29498342,676.132,1241.4273513348137,92.60435148330384,255838.21368949872,0.420128816972
21508603,30822924,9.586,2.82157396490908,0.690192000013176,5.687951623807481,0.005956462406
21487270,26952393,18.883,830.1660572140657,1.398006183504426,3326.7319277092383,0.011733348593
235637226,2741636994,568.403,2461.9739971930107,69.23742587047708,391262.4779284638,0.35318914051300004
26985233,26985243,29.543,0.0,2.127096,0.0,0.018357163453
26985233,268656340,1975.432,1187.5075536696727,227.44574509300415,630409.8775179301,1.227476157272
21508603,4543122876,862.506,884.3288189024394,64.3606941519744,162306.65515448895,0.535936215726
726624835,726624833,8.971,0.0,0.645912,0.0,0.005574319241
21487162,1580769291,636.062,536.197180075212,76.44624451104409,94449.38813528957,0.39523048100200003
51965345,26871569,966.378,1730.9887653056494,135.57002426835564,519199.49743360543,0.600479264238
26726700,28248044,13.379,0.0,0.963288,0.0,0.008313322609
21487162,51965345,16.125,972.998884439938,1.47451310835705,3655.245544800502,0.010019607375
1580769291,1206735742,162.558,1517.871723627959,12.874039681060902,53699.70131054418,0.101008827018
271759785,271759786,13.405,0.0,0.96516,0.0,0.008329478255
3918673901,3781110311,12.265,0.0,0.88308,0.0,0.007621115315
1580769291,2812123973,70.407,1891.0691202843384,5.569329356552766,28962.801804630548,0.043748867997
1447899974,1348697004,9.338,2993.2600862348995,6.62293139078208,23576.68645538584,0.005802362397999999
196724115,26960762,292.833,1019.2440873734982,27.93948067227442,71190.71856102477,0.181957934043
21487180,25662552,31.448,1469.612848726801,3.42873999981141,11970.80660526035,0.019540875208000002
21487180,1447899974,400.753,1462.498526851289,52.881854326529215,173730.46738267486,0.249016292363
21487242,2264199819,34.218,524.9017176209152,3.3652530035749497,4360.357069842116,0.021262072878000002
25662562,25661397,32.643,3216.1196979234214,4.083012982235436,29918.7426094082,0.020283413553
21487236,248389154,18.796,14.611509074977349,1.353312297352992,57.7547313895766,0.011679289316
21487242,25664680,174.39,1199.4762787545433,33.977794092065295,83679.91430934878,0.10836088868999999
1215285198,1215285192,433.136,736.7707825101983,31.35882960300912,67226.71373665414,0.269138149456
21540755,29551855,17.711,598.8185156831896,1.32459241257024,2258.6116133707446,0.011005101780999999
445830935,30437211,747.948,1796.3930435291466,115.68316014462768,449463.0110200994,0.46475319670799997
21538141,1510075931,296.729,1218.182521829244,22.25041120602569,77050.69212128657,0.184378795459
95760097,1450910605,683.335,1246.2168513583767,50.017863111577846,180033.06715183088,0.42460455228500005
314364931,314364933,12.886,0.0,0.66270858,0.0,0.008006986706
21540755,1476399695,36.336,826.4465861301404,2.983899838785792,6636.8286212794355,0.022578136656
29551855,30774329,720.729,79.14882868253115,51.892609196908175,11996.20383474183,0.44784009945900005
1493332095,28302161,10.299,0.0,0.741528,0.0,0.006399499929
25661285,26870585,7.719,1300.831754462064,0.566734153265532,2124.9370356546174,0.004796362749
23657213,8659895102,2040.165,907.9142501821688,176.9631129188511,419967.94176574366,1.267699366215
8828014007,26984767,891.106,1476.825533150066,156.10984689074957,484946.8868238195,0.553707426326
25661287,25661397,447.886,3362.609519594243,60.65849570645214,455185.5454533308,0.278303371706
25663498,26866997,425.633,2787.68433055685,72.33125654226919,427021.2312466528,0.264476002843
25661285,25661287,280.588,3116.621199601063,55.561412555431644,354197.4940001281,0.17434924614800001
25661287,25663498,600.05,2035.040990006472,87.30188095920006,389690.7182191981,0.37285366854999996
6019010074,6019010075,11.917,0.0,0.858024,0.0,0.007404878207
6019010072,29691823,9.67,0.0,0.69624,0.0,0.00600865757
55198679,55198106,279.013,0.0,20.088936,0.0,0.173370586823
29884984,31491543,5887.393,1451.7823058743538,826.0184547601527,2653111.6664771014,3.658255275803
30819613,30437187,351.678,1309.5798249542136,33.531925386875415,109809.45539832399,0.218522510538
21537087,27177929,13.11,836.8396320452324,1.08338918475354,2431.4723292722388,0.008146173809999999
21537083,30819613,541.653,961.8792008934744,42.67972956758939,113156.02135533278,0.336567466263
30819613,30820544,1535.895,670.5578687496866,117.32061235142042,221011.47462884654,0.954360612045
21537094,21537979,1138.98,1796.3930435291466,176.16305644446942,684445.1489831823,0.70772914158
21537119,6019010062,52.477,992.7613510304224,4.884089183241366,12254.312595625774,0.032607685967
21537094,8639328022,191.427,1261.9142942467895,17.63620853237544,56505.92470718085,0.118947186417
21537094,8659895103,432.202,4.106006935383171,31.118544002664844,373.1929929437777,0.268557788942
1215285213,508065524,493.292,736.7707825101983,38.670142291292436,78773.7990571287,0.306517343332
301496147,301496159,12.561,0.0,0.904392,0.0,0.007805041131
6019010071,74395726,9.929,0.0,0.714888,0.0,0.006169592659
21537775,287930839,10.144,0.0,1.2172800000000001,0.0,0.006303187424
31388502,31388524,15.655,160.38437007960843,1.12738470247407,528.0429225295732,0.009727563005
26739656,26739654,16.049,585.4540763063627,1.196428246460442,1998.7344667559075,0.009972383179
26162585,26905934,13.129,1113.3628696898973,1.382895940794114,3702.1067531810877,0.008157979859
30134824,26739708,1655.034,1372.462911525683,246.54677594470974,738146.517358349,1.028390131614
88359640,88358846,13.801,0.0,0.9936720000000001,0.0,0.008575541171
26804478,26806097,2221.337,985.2126950386272,205.33471753131718,512852.4744423264,1.380274393027
26162601,26739708,14.842,933.44492613688,1.313053621925232,3172.313242426428,0.009222388382
26162601,26804478,1987.622,529.4255984883538,143.7778902938831,221617.4892171154,1.235050669762
634584245,6226478747,122.407,841.4035124487447,10.144157184260807,22855.255582517962,0.076060159997
26190958,26917671,2208.032,1476.265230027741,203.9153481815653,763480.2132975139,1.3720070518720002
26804478,26739654,2448.012,465.5527759943092,178.75143480897745,240747.19173276777,1.521123664452
26162609,26739720,9.942,0.0,0.715824,0.0,0.006177670482
1192894750,1192892996,12.852,0.0,0.9253439999999999,0.0,0.007985860092
733557825,733557821,11.321,0.0,0.8151120000000001,0.0,0.007034541091
27253400,27253401,15.638,0.0,1.125936,0.0,0.009716999698
26190971,26190972,32.887,0.0,2.367864,0.0,0.020435028077
25663420,2098466364,211.46,467.34957776788303,15.443947680871824,20877.553862188965,0.13139511166
3347984840,25663454,60.517,792.8713768442022,4.876018019744868,10517.57878436416,0.037603508807
25663498,1818648902,386.375,3743.571051859616,109.11458239068975,757984.8048137062,0.240082220125
25663498,25663483,416.81,1656.1494222003105,98.03128843355738,318032.66782553174,0.25899364651
6171409038,6171409026,210.747,2059.174722648552,20.310917161707756,104109.5454387418,0.13095207413700002
6171409038,6171409044,201.758,2143.524059137836,20.30129481847173,106444.33495995482,0.12536657021800002
25663454,6171409038,530.245,1144.630508829595,57.92206372562107,157403.91099394113,0.32947886589500003
25663454,25663483,301.33,1596.5725272340494,64.16784589176817,205909.5608956102,0.18723772343
1818648902,25663747,131.435,2480.388890781084,17.4572298089792,97105.79044524209,0.08166989738500001
1818648902,2098466408,27.926,792.8713768442022,2.025634574354514,4667.210822875699,0.017352406546
6171409038,287447548,898.333,1050.446621645923,88.40681697889266,229176.53790887952,0.558198074543
25663483,3828086120,746.928,1436.6272792681507,122.79672320721498,376367.5489201034,0.46411939828800003
3378459431,3378459427,13.788,0.0,0.9927360000000001,0.0,0.008567463348
26162585,30134824,34.185,769.6427979149516,2.721515052519576,5738.288410867348,0.021241567635000003
1711812123,1711812137,9.829,674.5267558647084,0.751826002082862,1423.4662851939381,0.006107455559
2010745299,1769589073,236.728,1199.4762787545433,17.7087751367251,60475.50885536772,0.14709591408800002
26583825,26848801,490.54,1486.7821758250398,64.28105606976119,215070.99108413252,0.30480733034
1420372616,1420372623,11.164,0.0,1.33968,0.0,0.006936985844
29046465,4548431296,718.654,1645.7884825407443,58.89138437978717,261155.58313879604,0.446550754634
27433426,27434215,128.628,1423.656713270996,9.977595693875779,39526.68397591351,0.079925708988
1064688183,1064688236,12.163,0.0,0.8757360000000001,0.0,0.007557735473000001
26624517,26736229,18.134,0.0,1.305648,0.0,0.011267941714
26583831,26907224,12.796,0.0,1.53552,0.0,0.007951063316
26624513,26736502,12.18,0.0,0.8769600000000001,0.0,0.00756829878
26624548,26806097,1875.086,335.20963046691,135.1076365489251,132210.7736074764,1.165124062906
26806097,26739129,1236.951,441.0736568479676,90.07602732668684,115148.57964927338,0.768605479821
26736226,26729514,13.862,1286.160658812891,1.8209002014011162,5266.977465236408,0.008613444802
26624548,602232365,762.691,2105.71620119766,119.16618107478126,541478.0181589901,0.473914069361
26629138,26738444,14.258,0.0,1.026576,0.0,0.008859507717999999
26629140,26738752,14.143,1015.6935942733792,1.34480789427204,3419.6913258939194,0.008788050053
26627346,663977268,14.046,173.14582249508587,1.011585846595644,511.4798152912294,0.008727777066
26840987,26729637,32.054,1265.6308389400865,4.091979145609692,11734.758829358754,0.019917426034000003
27318588,27318589,12.177,1047.045320303661,1.194218492496588,3090.101382730897,0.007566434667
26554155,26554172,199.831,1053.835392631629,19.734221476384104,51249.8256278641,0.12416918830099999
26191011,29808709,15.952,0.0,1.148544,0.0,0.009912110192000001
27252289,27252285,15.77,0.0,1.13544,0.0,0.00979902067
235637267,26554203,226.49,810.5398532656757,18.42785255714186,40408.598535052464,0.14073431779
327761280,339532008,632.682,1483.1142873220658,111.95654188524026,348484.0407038787,0.393130247022
26554177,235637267,12.456,1067.7681768790274,1.24806321323211,3265.1484275194393,0.007739797176
26554177,2242686075,467.523,551.7093058934208,33.72038205768195,54272.236747113624,0.290505234033
26569510,32350733,14.188,0.0,1.021536,0.0,0.008816011748
26569788,276997292,1259.781,2032.298507189597,261.3021710189413,1074248.384474648,0.782791379751
249171192,249171219,13.971,1.4075415096682748,0.718508580000846,3.9247428904901063,0.008681174241000001
249171192,1613925302,2978.807,803.3523792251917,219.79038927881604,507260.9665490375,1.8509442843969999
26583761,27433426,15.921,1420.9978683176464,1.23432172756896,4882.289597245009,0.009892847691
26583761,29046464,480.159,2016.1938729193,45.328688162606475,229525.15096379982,0.298356877989
26570025,271188413,438.2,1838.1095436140888,140.0590959678188,457796.337670444,0.2722847722
1941979001,422567738,1650.684,492.0281579720508,118.98041071570037,170856.3007966563,1.025687167764
26704113,26822368,1253.186,1863.7953731531932,155.02566501172524,660326.9538489472,0.778693438006
26704107,26874397,11.965,0.0,0.8614799999999999,0.0,0.007434704015
5181670122,2268093755,74.609,1174.0425538778493,8.446763489361803,23269.25794764759,0.046359868938999994
1131171633,1569732400,358.542,1087.2875056543558,36.68489118830741,96942.0736537846,0.222787601082
26703746,2532286390,122.257,1891.0691202843384,18.20380003597507,75103.31691167834,0.075966954347
2951370434,26703747,10.979,0.0,0.7904880000000001,0.0,0.006822032209
26703741,26754340,18.594,1558.1698579613824,3.716367131154834,11818.6472746709,0.011553772374000001
26703742,4403506625,358.231,2593.5503158787988,47.76761286340341,277552.4746978011,0.222594354701
26703754,1803835418,166.215,2268.8475011130363,17.93890616666056,97028.27663576139,0.10328118076500001
276325865,28252076,13.441,0.0,0.967752,0.0,0.008351847611000001
26703754,4603509097,20.113,1856.8873313443955,11.058747711179635,28430.97756880869,0.012497634923
26703754,51965343,368.364,1219.8695677152805,30.017410508364758,98976.39198808484,0.228890707044
26823015,26823014,20.61,1.9124424900810035,1.483920000005976,8.288833309463755,0.01280645631
26704088,26916066,11.92,0.0,0.85824,0.0,0.0074067423200000005
1321352946,1321352940,11.088,2219.2149645753293,6.63221366154843,19422.69573186968,0.0068897616479999995
26704083,26916065,13.869,0.0,0.9985679999999999,0.0,0.008617794399
26761215,26704562,16.591,0.0,1.1945519999999998,0.0,0.010309166261000001
26731297,26704550,15.91,0.0,1.14552,0.0,0.00988601261
316252974,59708459,14.957,0.0,1.076904,0.0,0.009293846047
26642104,26704559,12.875,0.0,0.927,0.0,0.008000151625
26646260,26736225,454.509,382.76608054490765,32.73787504698559,36589.6186263986,0.282418711839
26750505,26784426,380.123,1305.2120063278085,28.864523363442096,106236.45758134215,0.236197408633
26646224,602232364,9.991,0.0,0.719352,0.0,0.0062081176609999995
26646260,26729472,8.518,0.0,0.6132960000000001,0.0,0.005292838178
26732947,26984439,11.216,0.0,0.8075519999999999,0.0,0.006969297136
26682569,26984400,13.275,1059.0786791147118,2.196813461538456,4956.417336577238,0.008248700025
26682567,26982915,10.044,0.0,1.2052800000000001,0.0,0.006241050324
26682568,26984447,10.734,0.0,1.2880800000000001,0.0,0.006669796314
2306718621,26743960,636.685,514.4649022219148,46.03243254682192,68972.53859268484,0.395617595135
254336392,26731249,133.246,1656.3225812837843,31.34778006196848,101700.97881215032,0.08279520026600001
26682569,270737261,547.513,1218.7854472019717,109.3791669659007,272110.2460095904,0.34020870032300005
26984400,26736346,339.142,399.98509035031833,41.01088278582345,37730.512888987854,0.21073300368200001
28933020,35115774,382.528,1168.972384991774,43.03684715944711,118283.65129678897,0.237691805888
248945811,4140923290,123.296,1192.7129468485548,23.816382897526537,58440.92337588114,0.076612558816
26723201,28933020,15.226,1504.057723261972,1.4301481652955361,5414.19814816476,0.009460994846000001
26723201,342902469,1813.06,1416.2964863626464,161.7989876128134,590603.2578091698,1.12658290526
26724446,673035739,307.661,5429.616419358046,93.76109139724066,920801.393125155,0.191171623231
26724446,26725536,418.956,1580.066251060071,33.70526378476163,145010.97172751263,0.260327108676
65052144,34967085,28.163,1023.0231193432884,2.696891913467964,6886.476964571517,0.017499671473
26724446,4453196453,1853.165,1856.2712502145284,227.70828031951433,967821.1761101754,1.151502989215
303649075,303649068,17.577,0.0,1.265544,0.0,0.010921838067
26750778,3152369266,463.774,1223.1286800369,33.669709944617786,119604.22377512755,0.288175714154
673035739,3392791695,65.174,1639.180594195191,4.818537469840452,22661.0480290153,0.040497233554000006
3793333301,275000461,536.649,710.1920242142446,41.600148635857394,82244.19036639514,0.333458125779
26726582,1932251259,72.559,1883.7954156706976,6.46308126938991,31407.557236228386,0.045086058389
26882245,30736687,2241.89,1073.0309920380944,174.1512556046322,519537.80485282233,1.39304543119
26726013,3779924760,10.703,0.0,0.770616,0.0,0.006650533813
26726582,26882245,12.763,1110.0778520131837,1.0019799685858861,3072.5855294485864,0.007930558073000001
26822368,26869633,11.039,880.3528581901181,0.823219778657898,2067.5310797953184,0.006859314469
26704508,26763011,9.057,0.0,0.652104,0.0,0.0056277571470000004
26704106,26745299,9.821,0.0,0.707112,0.0,0.006102484591
1321352947,1321352948,10.218,0.0,0.7356959999999999,0.0,0.0063491688780000005
26787963,26787965,184.655,1083.0871607174222,13.639669601888437,42410.01413034497,0.11473926200500001
26704771,26763018,19.665,0.0,1.41588,0.0,0.012219260715
26704511,26704513,17.891,0.0,1.288152,0.0,0.011116948561
3229469783,1882209726,316.503,4327.719128835374,52.52100792169381,483918.471379291,0.196665785613
648240478,648240477,19.904,0.0,1.4330880000000001,0.0,0.012367768384
26708010,350295984,11.607,168.18763238248195,0.83892746386488,411.02397963834034,0.007212253197
29533795,29533796,177.864,1520.4406950897,20.35182450424767,72364.08988176113,0.110519531544
443551443,443551444,19.951,0.0,1.436472,0.0,0.012396972821
26708454,26708455,18.558,2054.7620837143404,3.962244658308858,16352.779386339056,0.011531403018
601409794,601409797,13.033,392.3005203852355,0.9450721711184219,1077.6234945978094,0.008098328243
26869281,350295984,13.38,0.0,0.96336,0.0,0.00831394398
4164984656,4164984655,10.588,0.0,0.7623359999999999,0.0,0.006579076148
26739127,602244712,409.462,1146.8137106565175,44.84481903844331,121991.51749837495,0.254427812402
26739650,26739651,16.681,556.5772614549029,1.2357560627164261,1970.7081584157545,0.010365089651000001
26738463,26738464,10.791,0.0,0.776952,0.0,0.0067052144610000005
26739125,26739129,14.144,780.5268377722097,1.132243480096494,2413.2918686244852,0.008788671424
1610905977,1610906014,13.39,0.0,0.9640799999999999,0.0,0.00832015769
26739690,26739693,15.08,0.0,1.08576,0.0,0.00937027468
26739651,26848665,796.223,793.3910495736794,64.17174896308042,138487.00803286058,0.494749881733
26739660,26739684,12.722,0.0,0.9159839999999999,0.0,0.007905081862
273511818,26823035,707.671,2607.0975914990177,90.26066459731597,533325.1734609025,0.43972623694100005
29216569,29216576,18.489,0.0,1.331208,0.0,0.011488528419000001
26739715,26739716,14.324,0.0,1.031328,0.0,0.008900518204
26739717,456316346,10.8,0.0,0.7776,0.0,0.006710806800000001
26749628,4308915673,604.174,1018.439487341958,43.823014620614984,129699.80323022474,0.375416202554
269570993,29025741,458.305,1909.3848592434708,59.09973658704674,255006.49696429822,0.284777436155
270654819,271168847,17.046,0.0,1.227312,0.0,0.010591890066
3499256068,3499256403,8.739,0.0,0.629208,0.0,0.005430161169000001
26984409,29927301,14.353,0.0,1.033416,0.0,0.008918537963
26784369,267980717,319.607,1690.9501186371417,79.69382332075692,259719.45538176908,0.19859452119700002
26881973,751755096,13.323,0.0,0.9592560000000001,0.0,0.008278525833
26726587,26984409,15.677,0.0,1.128744,0.0,0.009741233166999999
26729512,26736228,16.922,0.0,1.218384,0.0,0.010514840062
26729616,4548431293,2044.717,932.6026836775528,180.77224586628566,436492.26114221313,1.270527847007
26882247,26881976,14.296,1.8817611124158609,1.029312000003888,5.657258959113418,0.008883119816
26726893,27009116,837.309,423.4487988053551,60.87022533461226,74789.94535056716,0.520279530639
26731266,26731267,10.451,0.0,0.752472,0.0,0.006493948321
1319768819,1319768816,8.262,0.0,0.99144,0.0,0.005133767202
26729622,422567738,565.478,656.7549383443666,40.857047592158764,78185.04977338813,0.35137163033799995
422567738,30099355,1242.176,780.2887003159668,99.42541907052924,211868.29767591305,0.7718521432959999
26736346,1929624603,139.866,1644.240872057243,10.63805408541594,49272.682627808994,0.086908676286
1189251455,1189251454,11.338,0.0,0.8163360000000001,0.0,0.007045104397999999
26734491,5496911310,626.032,2273.313968902654,49.552012398438166,309660.6916490646,0.38899812987200005
26736346,30427948,1382.676,1559.425698592663,110.63844038927883,471258.24929160596,0.859154768796
745930348,754156286,204.814,0.0,24.57768,0.0,0.127265479994
745930348,971053355,176.996,742.2321526849814,21.464397001998524,36614.494249597454,0.109980181516
754122576,741519081,145.392,1271.745973787716,6.660571755787968,36936.98606807467,0.090342372432
3434038487,1236032061,1858.573,3852.789751045765,86.44660172089695,1429793.97639127,1.1548633635830001
1341494678,971053355,183.724,0.0,22.04688,0.0,0.114160765604
746361543,1407526726,297.002,0.0,35.64024,0.0,0.184548429742
848518700,745930348,632.736,742.2321526849814,82.87115684985767,138437.42711984573,0.393163801056
971053355,746361543,180.541,905.5206048377804,21.696679360260553,45271.14458357849,0.112182941711
904463609,1407526726,230.639,0.0,27.67668,0.0,0.14331238606900001
1710708122,766981378,804.898,905.5206048377804,58.22115516976198,153496.56558717153,0.500140275158
746361543,1710708122,212.079,905.5206048377804,15.627837873442033,40690.10262660982,0.131779740309
1407526726,746361933,165.161,0.0,19.81932,0.0,0.102626255731
746361627,1341494690,187.428,0.0,22.49136,0.0,0.116462323788
746361933,746361627,163.353,742.2321526849814,11.76919887353403,25502.564088235176,0.10150281696300001
978863241,1710708122,294.605,0.0,21.21156,0.0,0.183059003455
746361627,848518700,207.578,742.2321526849814,25.173092052254567,42940.877123454426,0.128982949438
602244733,602244739,57.898,1146.8137106565175,6.341065428996558,17249.62238283627,0.035976138158
602244728,602244733,10.015,1146.8137106565175,1.0968560273481,2983.781273344586,0.006223030565000001
602232362,602232358,36.536,147.70846926634087,2.6309692673311083,1134.940012312798,0.022702410856000003
602232362,602232361,10.249,0.0,0.737928,0.0,0.006368431379000001
956276557,956276747,19.231,1788.2232631612744,5.650382403600336,18506.03049140536,0.011949585701000002
956276853,956276557,15.427,537.223345610601,1.556736527175822,2043.4190141992156,0.009585890417
5580969158,753028445,50.006,842.7524734975918,4.147610306831346,9355.40522729354,0.031072278226000002
956276557,956276867,30.344,537.223345610601,1.82656137689772,3293.051023949311,0.018854881624
5918885403,721672406,263.051,1609.57922730132,26.50505582097843,104298.79083628238,0.16345226292099999
735967926,2938442114,25.962,1353.213561209472,3.75773414091006,11167.157650528017,0.016132033902
695602695,2799872747,492.166,0.0,14.76498,0.0,0.305817679586
3602294175,697323164,342.411,2129.7735461407924,35.70061145394539,183502.09863635123,0.212764265481
741519081,3434038487,784.421,1271.745973787716,35.52427672674235,199365.1126164501,0.487416461191
741519081,741519038,345.602,0.0,24.883344,0.0,0.214747060342
2056129618,2056129614,32.831,0.0,2.363832,0.0,0.020400231301
7555079367,2056129618,20.253,0.0,1.4582160000000002,0.0,0.012584626863000001
866613841,866613506,84.985,600.6622849950049,4.542069589936146,10201.341895685895,0.052807214435
866614062,866613506,8.04,2065.0955785039696,1.44970662807921,6256.731165642981,0.00499582284
1341494688,848526117,150.25,0.0,10.818,0.0,0.09336099275
866613506,866614004,12.09,166.3386780334762,0.871655568660204,423.08757089479474,0.00751237539
866613611,866613693,254.969,520.5122996392441,7.67099359329486,29858.32008342902,0.158430342499
866613611,258778931,1515.298,0.0,45.45894,0.0,0.9415622335580001
866614004,866614062,12.058,1198.488504291708,4.027975212744576,8444.276590586103,0.007492491518
866614004,866614756,1303.712,676.266256414464,67.05480580844993,175963.60143651467,0.810088829152
1313885426,258778931,1096.513,469.027820332805,32.895632811138405,116072.19277212252,0.681341379323
866613992,866614062,1081.043,2473.877053185392,53.093524779541404,533538.4190148072,0.6717287699529999
866613693,866613992,702.231,483.6135805888878,25.283690703204787,69416.58726096248,0.436345978701
866614316,866613693,595.273,0.0,53.57457,0.0,0.369885379283
866614756,866614224,389.87,207.2384360816588,14.035332479513094,16515.31859375514,0.24225391177
866614756,1313885426,441.606,469.027820332805,15.927856765623115,42321.408204308995,0.274401161826
1313885544,866613992,383.252,0.0,27.594144,0.0,0.23814167849200002
866614062,866613841,80.378,1607.2699789731305,95.98062759986361,127044.53437998827,0.049944558238
5747321712,5747321720,36.681,1064.6481263545006,3.663317391326694,9568.236401245676,0.022792509651
5580969158,8922440825,16.846,768.7228945326631,5.424437361180684,7394.940013582915,0.010467615866
1701687818,848518700,208.716,0.0,25.045920000000002,0.0,0.129690069636
1341494688,746361933,216.975,742.2321526849814,15.787602678620862,33980.60141889851,0.134821972725
2027103758,754121736,477.21,1271.745973787716,24.682199169028827,121140.76824879675,0.29652445491
754121810,2027103758,53.56,905.5206048377804,2.767276139143338,9680.72405932468,0.03328063076
8922440825,5580969158,16.526,842.7524734975918,6.805297977946567,9192.231998964731,0.010268777146
754121736,754122576,304.144,1271.745973787716,14.935399778307305,77165.72495422282,0.18898626142400002
2027103717,2027103758,230.7,0.0,16.6104,0.0,0.1433502897
766981378,1736966368,219.293,0.0,13.15758,0.0,0.13626231070300002
766981378,754121810,444.653,905.5206048377804,23.404233451228283,80414.06366636598,0.276294479263
822491238,754121810,399.00000000000006,0.0,28.728,0.0,0.24792702900000005
966891646,848518756,312.539,0.0,18.75234,0.0,0.19420267096899999
4549415292,848518756,286.442,742.2321526849814,14.887272994607615,42443.66588740771,0.177986751982
1982824350,4549414387,564.644,742.2321526849814,25.42579386645696,83774.32224328979,0.350853406924
848518756,1341494688,1063.963,742.2321526849814,54.832534115441234,157619.19178734816,0.661115753273
1236032061,1803700352,389.246,3633.450432337969,17.98171268281825,282453.97965818876,0.241866176266
1803700352,1641539229,94.598,175.90918288321828,5.676092210254589,3360.07164667998,0.058780453858
1387922658,1211868056,107.005,568.9626743320074,7.94760604505502,12934.415958206037,0.066489803855
1236032061,1641539258,198.838,340.41840116025503,11.930357231922294,13667.486364822642,0.123552166898
2774676495,1298491634,40.127,1856.8873313443955,13.237837301442012,43201.541040118755,0.024933754117000002
4603864606,1298491634,428.694,1909.3848592434708,154.46865561916215,500751.2732512053,0.266378019474
2824229426,1285360345,79.657,788.4654910783295,6.403126917239016,13753.444433518802,0.049496549747
1298491634,2774676495,40.799,1909.3848592434708,14.700851144653752,47656.722971107374,0.025351315429
5070967075,4603864606,50.166,1909.3848592434708,18.076004277622,58598.18045953509,0.031171697586
1698296091,1307548967,11.507,0.0,0.828504,0.0,0.007150116097
4603509098,2774676495,74.74,1856.8873313443955,24.65661424750856,80466.59798485995,0.04644126854
4603864606,5070967075,50.701,1856.8873313443955,16.726184091021292,54585.723634337504,0.031504131071
2298537955,1352194826,19.924,846.5588830799004,2.734260366425874,5148.696620365263,0.012380195804
2298537955,1747531131,11.022,0.0,0.793584,0.0,0.006848751162
2026362778,1313885412,797.149,0.0,23.91447,0.0,0.495325271279
2026362778,1313885545,1769.93,0.0,53.0979,0.0,1.0997831740300001
866614645,866614316,173.263,164.0984261855997,10.395798396443771,5740.982219116357,0.107660603573
1313885412,866614645,279.995,0.0,16.7997,0.0,0.17398077314500002
866614224,866614645,339.893,164.0984261855997,30.591236126865756,12885.329429002804,0.21119965330299997
866614224,1313885469,583.226,43.14000989605905,20.99613617746776,5142.97044592299,0.362399722846
956276853,956276747,13.773,0.0,0.991656,0.0,0.008558142783
956276853,1641539234,16.827,733.6941929176193,1.232437374875838,2610.5659150400456,0.010455809817
1313885469,1313885545,343.71,54.76201817069896,10.311300226303013,4248.0633765679595,0.21357142641
1313885544,1313885426,578.329,0.0,17.34987,0.0,0.359356869059
8920464607,8920464606,10.183,0.0,0.733176,0.0,0.006327420893
8920464606,8901012586,355.599,1149.1270861865785,240.81160355928012,338822.2820904631,0.220958906229
3646113399,956276853,20.209,1270.8351649138194,1.680910064313228,5708.5781325038715,0.012557286539
8920464607,1029432861,444.953,1411.505830247863,70.350083233741,213706.6660597963,0.276480890563
8901012585,8920464607,355.548,1411.505830247863,56.214547140012876,170766.30049517239,0.220927216308
5072122141,5072122142,12.697,0.0,0.914184,0.0,0.007889547587
8901012586,1121856192,124.077,1149.1270861865785,13.626755669248368,37109.15857552923,0.077097849567
8901012586,8901012585,10.434,0.0,0.751248,0.0,0.0064833850139999994
7425311629,7425311651,239.417,1536.2789829946855,10.293874400330688,73688.9094776384,0.148766780707
2339090006,1602755672,98.107,452.23938947338905,6.023851429548174,8989.14427814641,0.060960844697
1567724883,1567724865,472.908,1266.051751763175,18.550588749139614,120821.52840062165,0.29385131686800003
7425311629,7425311635,313.715,0.0,22.58748,0.0,0.194933403265
1567724926,1602755672,118.111,1005.0625188884248,4.403354371963656,24111.957625711442,0.073390750181
1869378490,1567724926,2695.69,1013.1375371480808,100.61171068704175,554641.3616203627,1.67502359099
1567724926,2339090006,78.969,8.075018259655952,4.738140011244576,128.7585278694833,0.049069046499
1727354220,1567724883,1780.092,1480.1954265158183,74.81486245693297,528630.6589840252,1.1060975461320002
1602755709,1570838365,288.872,765.1006086829283,24.77686304082729,49837.577121685455,0.17949668351200002
1576630672,1576655246,165.563,0.0,19.867559999999997,0.0,0.10287604687299999
1602755672,1727354221,1944.722,1457.3019083618135,81.02537122576962,568928.6460894112,1.208393853862
1727354221,1570838365,485.737,1396.8439830471648,19.80892964936701,136428.21744933972,0.30182288542700003
1594524818,1599680719,495.315,113.6011955582042,22.289184059093362,11247.92468725671,0.307774376865
1596683741,1599680719,204.677,25.36603619038777,14.736744238227054,1091.81406009259,0.127180352167
1576630672,1576655246,160.859,0.0,57.90924,0.0,0.099953117689
1594524818,1596683741,477.768,1747.17685759446,46.91560122016837,202465.19320913014,0.296871179928
1387922659,1387922658,88.925,568.9626743320074,6.604746203976612,10748.964432348692,0.055255416175
1387922663,1387922658,13.365,0.0,0.96228,0.0,0.008304623415
1387922660,1387922662,138.711,379.5410867952546,10.049630534517329,11093.067345473428,0.08619099278100001
1387922660,1387922659,13.476,0.0,0.970272,0.0,0.008373595596
5907276110,1509404656,9.633,768.7228945326631,1.277577531388212,2203.28013456404,0.005985666842999999
3273797696,1560223241,1047.414,1917.2163522717387,82.43501251467168,435935.09379946237,0.650832684594
1387922663,1387922660,90.222,379.5410867952546,6.536595987954972,7215.280129501657,0.056061334362
1434044682,1434044684,29.901,0.0,1.79406,0.0,0.018579614271
3273797701,1560223404,11.757,0.0,0.846504,0.0,0.007305458847
1560223468,1560223404,85.318,2812.3116025110403,14.51159828094942,86411.80930898868,0.053014130978
3273797696,3273797701,125.118,1774.0188883439523,10.95169128984141,50552.05575223447,0.077744696778
1560223404,3273797696,124.506,1917.2163522717387,22.31819033133732,89543.054636782,0.077364417726
1906766898,1560223468,282.035,2812.3116025110403,29.059692999305412,198102.55019203192,0.175248369985
1567724865,7425311629,2109.52,1536.2789829946855,90.70005022611427,649278.1561930346,1.31079455192
1560223686,3273797701,186.742,916.9238589570666,13.624386372420997,36160.64767145481,0.116036063282
3273797701,1560223468,85.312,2690.942747301019,41.65295588047895,165388.6747375839,0.053010402752
7555079367,7555079375,17.07,0.0,1.22904,0.0,0.01060680297
7555079375,1631813599,34.44,0.0,2.4796799999999997,0.0,0.02140001724
1631813591,7555079375,12.15,0.0,0.8747999999999999,0.0,0.00754965765
1631813601,1631813591,32.262,0.0,2.322864,0.0,0.020046671202000002
8326621454,1631813601,22.186,0.0,1.597392,0.0,0.013785737006
1679818039,1679818045,10.387,75.3428256687866,0.747871260463704,164.57368143576232,0.006454180577
1631813599,1631813601,11.581,0.0,0.833832,0.0,0.007196097551
1631813599,8326621454,23.325,0.0,1.6794,0.0,0.014493478575
1679931187,1679931169,85.079,1367.8227429677488,109.48943697196303,116388.43136595364,0.052865623309
8922440702,1679931187,68.172,1367.8227429677488,5.930892418815493,21172.93224975649,0.042360103812
1679818039,2018197570,302.696,1019.9706396588804,28.900746427838413,73670.41757283587,0.18808651621600003
1679931169,1679931187,85.631,1733.4942561481778,22.939069569214023,75027.22691058042,0.053208620101
2506178115,2446087811,15.204,54.83488057033559,1.094690981893164,175.32431986848184,0.009447324684
1809170959,3469757950,264.507,2443.39879296705,16.143104176841305,130820.37787317084,0.164356979097
1769589073,3781110311,150.771,1199.4762787545433,12.192803379011131,39703.129835379375,0.09368472704099999
2446087811,3713107193,80.835,784.0109729123456,6.482633325811687,13864.347025681596,0.050228524785
1594541219,1594541232,772.999,0.0,34.784955,0.0,0.480319161629
1610104682,1594541232,973.85,586.5053113831444,58.44787292011699,115333.91528945415,0.60512214835
1596683739,1596683741,167.426,308.64342270508115,12.054938957814018,10867.007475822824,0.104033661046
1599680719,1599687519,1295.542,138.96723174859193,58.299443060674925,35989.17672086529,0.805012228082
7125437413,1598889796,67.571,1283.6539302625126,5.380891145599608,18919.72454728721,0.041986659841
1727354221,1602755709,215.109,60.45792531464864,15.487855218472852,2734.884024757866,0.133662494439
1596683750,1596683739,46.671,308.64342270508115,3.3615026574260156,3029.5582378027525,0.029000005941
7125437413,1596683750,192.414,302.83962630012616,13.888915029618012,12263.700406654525,0.119560479594
1727354222,1727354220,241.71,472.3425087428615,17.886642308151647,24225.01667255883,0.15019158441
2436784968,2436784978,28.607,676.9131155335971,4.144341881003497,6159.506977399976,0.017775560197
1727354222,1602755709,73.855,616.4551902189484,5.5489222864351255,9711.515861442509,0.045891355205000005
2436784968,1602755709,302.365,1237.4431174257898,24.808184179157042,82660.15070368606,0.187880842415
2230162964,2230162966,10.81,0.0,0.7783199999999999,0.0,0.00671702051
1631813591,7555079367,19.087,0.0,1.374264,0.0,0.011860108277
2436784967,2436784968,39.783,1237.4431174257898,35.2405184064021,44708.706458573244,0.024720002493
2230162966,2230162970,48.384,803.3523792251917,3.9208002496537384,8540.885344584001,0.030064414464
6250350291,6250350292,14.434,171.12290544155985,1.043543818029024,520.0987776544237,0.008968869014
6019010076,2536543051,73.096,1344.5336070435364,10.444786269144469,30934.179478905917,0.045419734616000004
3713107193,2448060048,56.596,784.0109729123456,4.538765580597984,9707.015330803188,0.035167113116
2448060048,6250350291,90.796,782.0996422592345,7.274234261767662,15528.375579237238,0.056418001316000006
3847019594,3847019589,96.87,880.4928771641822,8.23762821795935,19154.334551018484,0.060192208770000005
3847019594,3847019593,14.56,0.0,1.0483200000000001,0.0,0.00904716176
6019010076,6019010077,11.555,0.0,0.83196,0.0,0.007179941905
6019010077,6019010075,108.221,1392.2695080517617,16.612781583982695,50110.45642054382,0.067245390991
8922440784,8922440825,191.744,842.7524734975918,15.903679371936768,35872.55169184049,0.11914416102400001
6019010080,6019010079,11.916,0.0,0.8579519999999999,0.0,0.007404256836000001
3847019593,3847019596,205.586,1589.405535649743,43.26246312361158,138608.17444149917,0.127745178406
4549415292,1617948915,128.241,0.0,6.595251419999999,0.0,0.079685238411
6753463631,6753463622,46.015,460.1885384930055,3.357846096764244,4472.231990139524,0.028592386565000003
6753463638,6753463631,9.444,0.0,0.679968,0.0,0.005868227724000001
6753463622,6753463638,46.631,292.20559302837967,3.364806548527278,2867.406882064417,0.028975151101
6753463628,6753463622,266.668,292.20559302837967,19.242268720007555,16397.796710908064,0.165699761828
1869378336,1869378490,177.829,13.182535549200962,12.803688215820234,492.97917053429205,0.110497783559
7425311527,7425311483,30.49,460.1885384930055,2.2249424642038798,2963.3457215984777,0.01894560179
1821890631,1859820009,937.716,1263.183416105051,86.46801778200008,277208.353591451,0.582669528636
7425311527,1869378336,202.734,13.182535549200962,14.59684801537787,562.0210351809043,0.125973028314
1882209726,5496911313,76.244,1242.914473839857,9.436660150051518,26801.201098069432,0.047375810524
5496911313,1882209726,76.813,1274.353286439094,9.924947389264391,28566.910369951293,0.047729370623
7425311526,7425311527,30.515,292.20559302837967,2.2019058529370943,1876.410992820133,0.018961136065000002
1869378338,7425311651,273.053,0.0,19.659816,0.0,0.169667215663
4549414387,4549415292,21.13,742.2321526849814,1.0889584251637978,3130.2719401471754,0.013129569229999999
4549414387,1617238058,132.636,0.0,11.93724,0.0,0.082416163956
1912156868,2248585252,340.031,1884.358370465031,26.609299481859708,138780.18240599096,0.211285402501
5796522790,1942590570,75.058,1856.2712502145284,9.222777304893036,39199.273586797484,0.046638864518000006
5918885403,5918885404,9.794,0.0,0.705168,0.0,0.006085707574
2436784978,2436784967,58.031,1237.4431174257898,51.40493486267803,65216.070796507636,0.036058780501
6420248064,6420248056,31.18,20.70195411849602,2.244960124230456,135.74207701019512,0.01937434778
6753463640,6753463628,45.228,674.3206858426408,3.459268294714512,6547.883115440547,0.028103367588
95790027,28255091,12.278,0.0,0.8840159999999999,0.0,0.007629193138000001
26708458,26785781,104.923,71.07807998190486,7.554477258968298,1568.3168177533948,0.065196109433
530202,30432115,1750.773,1208.314143750449,207.0129322095648,579133.1304617502,1.087879569783
811273887,811273912,12.058,123.2982385361436,0.8681981223623699,312.65303054869054,0.007492491518
26839923,26804459,60.766,202.7534689759104,4.377379616542133,2591.3445578217024,0.037758230186
26839923,26804478,733.256,1640.64907054392,168.04020994682347,543810.1757576675,0.455624013976
26708458,26708454,388.364,2063.180983308917,38.99669043157978,196965.01779960413,0.241318127044
487673623,487689287,164.095,993.1129840161988,9.869072241868855,32916.3581355342,0.101963874245
3877089193,280807026,13.71,0.0,0.9871200000000001,0.0,0.00851899641
30432115,5799377310,1874.848,1097.949196294973,194.09098497183757,515654.40235473734,1.164976176608
268076066,26190998,89.553,1047.045320303661,8.782610549277097,22725.45365259921,0.055645637163
268076066,26280890,1786.326,0.0,128.61547199999998,0.0,1.109971172946
270790605,270790604,9.26,0.0,0.66672,0.0,0.00575389546
260745450,26982732,8.68,0.0,0.62496,0.0,0.00539350028
30432115,30432643,1124.639,1633.1371163260817,254.51830544106448,822604.8230583341,0.6988180600689999
74416800,95760114,1184.349,2175.7337074959287,98.44087303960667,572587.1671529742,0.735920122479
7425311352,7425311342,37.657,292.20559302837967,2.7172593381632697,2315.5827873710523,0.023398967747
7425311355,7425311352,14.373,0.0,1.034856,0.0,0.008930965383
6753463638,7425311352,451.074,292.20559302837967,33.618703343404505,28035.864509893483,0.280284302454
7425311355,6753463631,451.491,460.1885384930055,39.53514373545501,47329.51596995386,0.280543414161
7425311483,7425311526,60.338,292.20559302837967,4.353878268212964,3710.2699159358112,0.037492283398
7425311594,7425311526,294.691,0.0,13.261095,0.0,0.183112441361
7425311483,7425311342,1765.316,460.1885384930055,92.0143965501229,162192.6071258126,1.096916168236
7425311342,7425311355,38.779,460.1885384930055,2.829814490631762,3768.9597814977883,0.024096146009
172546,172594,646.628,1582.195680541632,134.4598513778847,430092.5828883414,0.401795886988
172594,223826118,11.758,361.8737975642631,0.850949897678556,896.2379006758332,0.0073060802179999995
8922440789,8922440784,26.096,842.7524734975918,6.447696576273522,10499.927476730492,0.016215297616
8922440784,8922440789,26.612,768.7228945326631,5.141462438171928,8130.976781187899,0.016535925051999998
29690840,29690839,9.212,466.1002370929393,0.672695436301236,907.0293787782323,0.005724069652
172589,530202,19.048,788.8829333604289,1.5314877801708902,3290.843565000884,0.011835874808
172562,34694336,1124.293,1521.9780804209722,211.81295079523787,667062.7526554865,0.6986030657029999
172566,530318,9.027,0.0,0.6499440000000001,0.0,0.005609116016999999
16541465,29272980,1182.42,3635.5015992594417,105.37714522223257,988011.0548349377,0.7347214978200001
16541465,26943818,16.33,2551.604922325383,1.316432306625696,9135.459186749482,0.010146988429999998
16541464,26943821,13.93,629.5038273798915,1.050411640066728,1872.9199147020174,0.00865569803
16541464,27560124,715.735,763.2259342100485,56.80123025428745,118987.30774160322,0.444736972685
5257308490,5257308487,14.723,0.0,1.0600559999999999,0.0,0.009148445233000001
16541478,282763131,10.557,4698.655390883288,1.80579554601903,17942.8032479474,0.006559813647000001
29272980,282763131,91.8,4087.376755342956,9.120706192598846,91646.86006023714,0.0570418578
26943818,213227878,860.763,2598.5288046897,69.95051884830397,492081.9432593992,0.534853166073
16541483,29030467,243.521,1542.194309422261,19.401092936532873,81933.75301437709,0.15131688729099999
267046792,29030447,592.183,1490.8758141897015,46.60368498251577,191654.09651811855,0.367965342893
16541478,26904555,503.004,3695.346122644709,55.27794400992919,483987.3965796421,0.312552098484
26904555,26904547,101.505,1933.7556177224037,7.596804649795848,41811.825480638305,0.063072263355
16541488,487727796,432.576,334.69060882327153,31.14848627660714,30447.113261046758,0.268790181696
16541488,26745957,152.9,1490.8758141897015,11.42828838436017,48535.46294070146,0.0950076259
16541486,156869073,9.458,0.0,0.680976,0.0,0.005876926918
16541488,26905525,432.774,1228.8589285696671,40.622159206212665,125684.9388815265,0.268913213154
587656935,3088844303,22.1,687.4440305538784,1.61234867820591,3208.395139062372,0.013732299100000001
12614635,12614668,23.172,0.0,1.6683839999999999,0.0,0.014398408812
530319,188382916,8.016,0.0,0.577152,0.0,0.004980909936
28255127,21537087,925.23,836.8396320452324,76.45950994733167,171599.62953566387,0.57491109033
1791505417,29803523,1141.936,1124.8006204203468,121.87006513932319,328070.5326642819,0.709565914256
1993003775,1993003777,13.258,0.0,0.954576,0.0,0.008238136718
104306737,595368926,16.872,0.0,1.214784,0.0,0.010483771512
516394458,3088844303,18.518,10.559454285925389,1.333296000061656,41.12089742506128,0.011506548178
920062552,30554089,8.526,2123.3143040459577,1.356453362777484,6189.8823267170865,0.005297809146
4523973580,76621139,19.331,1025.478784382919,1.4834335063300679,4261.341308416414,0.012011722801
12615195,920062552,619.848,1401.963615211634,96.57346220754769,292348.0418372727,0.38515557160799996
12615195,4523973580,423.283,1025.478784382919,40.63053962551364,103892.93508044959,0.263015780993
16541461,27587405,664.007,464.74713015790167,48.48046819953791,65186.02025974146,0.41259469359699996
27559833,27560124,36.552,30.18850518160815,2.63174465854308,232.04906241832919,0.022712352792
1598889794,1598889796,141.822,47.92038409583046,10.21118413140636,1429.1931557200203,0.088124077962
16541467,527332338,20.273,28.796712477536797,1.459656302410086,122.76879373655795,0.012597054283
29551501,29551509,1380.592,1787.5751810112324,118.514760826519,556722.9267917059,0.8578598316320001
29551509,268674646,6134.597,0.0,441.690984,0.0,3.811860672487
29533839,30063359,345.366,0.0,24.866352,0.0,0.214600416786
30063359,1666281989,416.804,0.0,30.009887999999997,0.0,0.258989918284
278428750,278428749,12.212,156.92963873279754,0.879424662050952,403.0357981408772,0.007588182652
29561066,29561062,13.957,1201.5140696957712,1.077964276012182,3613.666188478549,0.008672475047
29551509,567437114,288.882,1787.5751810112324,24.79862344348399,116491.49968813492,0.179502897222
268674646,268675521,13.365,16.015768045515372,1.603800031791816,59.21240432081407,0.008304623415
1234643929,418358224,3291.761,723.6687093728408,240.8751712852235,503559.79775298975,2.045404824331
29654531,29654553,1515.212,1691.275491203752,125.90331864736663,569356.3573742732,0.941508795652
151194571,1234643929,13.596,680.1243585439245,0.7442985979439399,1850.3361699220998,0.008448160116000001
151194571,34632828,472.635,0.0,34.029720000000005,0.0,0.293681682585
1356796549,1356796548,12.668,0.0,0.9120959999999999,0.0,0.007871527828
29691342,74285830,646.995,1124.7513918476618,69.04487815864707,185862.31649503025,0.402023930145
2762491687,29654538,956.555,732.7947888393718,74.85533257338885,151822.77180522843,0.594375536905
1518864799,1518864800,12.309,0.0141868920991727,0.886248,0.036722908228939984,0.007648455639
30689763,4201284352,24.872,251.3211177653833,1.792936450886166,1315.0134164814065,0.015454739512
1557591272,30624405,39.006,2444.159170682604,4.1593562665575545,24337.57071546235,0.024237197226000002
29421303,1557591272,1208.123,1921.0027056950944,93.98574885298345,501508.23724075773,0.750692596633
29421303,165736680,632.402,2293.005460703443,184.31787832413454,776175.888492365,0.39295626314200005
165736680,2026362814,4814.004,1708.4160826726963,293.50949208127946,1664478.442714489,2.991282479484
29421417,822502381,14.97,1014.699153282824,1.4220928968550262,3614.161356601621,0.009301923870000001
1557591272,30624409,141.76,99.64143447742153,10.206830928291168,2970.4495575238734,0.08808555296
165736680,29768694,2357.183,1413.1408905640956,373.62869728933396,1135665.5447860283,1.464685157893
29421731,30553539,1417.261,1145.3100053123678,154.94193867599614,421191.27295172296,0.880644884831
30553539,76621139,124.882,1084.836261871851,12.743507465293003,33633.62485255205,0.077598053222
588159381,1717543012,320.758,1439.627351751407,52.981723390476546,162555.99712606127,0.199309719218
588159381,29421730,26.763,562.6655279430694,1.98512523396066,3197.756061029252,0.016629752073000003
29533796,3354531421,1861.909,355.99070750201093,134.0979894918968,139400.78840664268,1.156936257239
29533832,29533839,1197.475,0.0,86.21820000000001,0.0,0.7440762382249999
29778602,29778604,585.608,1386.5077477084135,89.11023224946084,268212.33913190727,0.363879828568
29533796,276997303,1221.854,1191.669955367318,89.19599688909085,307551.7156060282,0.7592246418340001
29768667,29768672,991.466,1595.229029284695,210.6616572267911,675800.5480994713,0.616068219886
29768672,1012520257,996.992,430.0056053032258,72.5228500590608,90449.78660308382,0.619501916032
76598379,68435104,3541.504,935.67472198506,313.8718312320478,759455.5431478993,2.200587881984
6650029241,98029812,1792.341,417.3901847552193,129.2816460258589,157411.22835014274,1.113708719511
29768693,29768694,166.569,2139.688853935488,16.726478060174387,87613.43614075497,0.10350114609899999
29768693,30558158,1205.274,1579.3776308901688,118.91420928721092,463003.872689736,0.748922310654
29768672,29768688,2461.01,1165.2234239814698,275.6067045121304,756180.5473963812,1.5292002447100002
29768690,29768693,152.144,1165.2234239814698,17.0384949477221,46748.42166552554,0.094537869424
30558158,260767421,445.037,873.7383135484732,37.66903350607017,87131.33534350847,0.27653308572699997
1561864600,5973016325,85.348,2504.7812165816435,10.699749617995211,61024.31035338765,0.053032772108000004
29768694,1561864600,2711.641,1134.4388888244869,292.6615394948444,791482.1928249719,1.684935079811
30558158,30558152,424.196,706.0922421751019,32.829389932486876,64594.29473013739,0.263583092716
29778886,91416118,790.819,1178.1147089665076,63.46680021315758,203880.49611145002,0.491391992849
29778886,5973016325,1390.209,2512.9776307115208,337.6566042740545,1647539.8577544056,0.863835556539
1561864600,1561883646,221.626,1501.5868650632174,20.785037143902112,78611.10798705727,0.13771196924600002
1561883646,1561883643,17.062,1501.5868650632174,3.110112036586944,9736.192143146713,0.010601832002000001
29691482,2415800654,10.489,0.0,0.62934,0.0,0.006517560419000001
2415800654,2415800659,284.152,0.0,17.049120000000002,0.0,0.176563812392
29691242,6019010081,11.664,475.30628570238446,0.852721630416852,1171.5783266727253,0.007247671344
29691244,6019010073,10.917,0.0,0.786024,0.0,0.006783507207
615945365,615945364,14.199,0.0,1.022328,0.0,0.008822846829
29710842,6469411159,14.724,0.0,1.060128,0.0,0.009149066604
615945425,615945412,13.492,1409.1468439362309,2.125429697292756,6451.0234536760245,0.008383537532000001
294036287,294036283,12.135,0.0,0.87372,0.0,0.007540337085
29768648,29768655,569.169,841.2184149101312,47.16293576384871,106243.64381276177,0.353665110699
29768648,2621152974,2935.547,868.5161435796584,247.5926290037251,570352.3452368671,1.8240637749370001
550413099,30436159,442.423,260.63052354785424,31.898739854305006,24259.34679935446,0.274908821933
6469357867,6469357866,10.078,0.0,0.7256159999999999,0.0,0.006262176938
29768656,76598379,1567.911,942.263768875294,118.18565266622753,315503.6625983078,0.9742544259810001
76598379,76598376,2005.258,6.589046890233944,144.3785760819912,2778.5606817312996,1.246009168718
2621152974,2621152972,13.409,868.5161435796584,0.975792145023372,2457.386615261927,0.008331963739000001
2621152974,39933917,2595.297,0.0,133.47241716,0.0,1.612642292187
29858128,671977968,182.659,4.26962535586794,10.959540000401557,157.4732154971925,0.113499005489
66376479,66376082,10.462,1042.462507905399,1.021281471158118,2636.059681601121,0.006500783402
671977972,671977968,43.024,13.438640249590504,2.58144000928281,116.745987802169,0.026733865904000002
1259597829,1259597830,18.741,0.0,1.349352,0.0,0.011645113911
29858549,2019487327,1873.758,107.70490972811278,134.9116564311064,42440.17039001903,1.164298882218
2019487327,66376082,574.322,1239.4158536011591,43.188611742259596,151885.0698915084,0.356867035462
66376479,29885024,845.754,1239.4158536011591,69.44601490491213,231659.6732493109,0.525527008734
29858549,29858561,13.76,0.0,0.9907199999999999,0.0,0.00855006496
5071463760,29858567,17.487,14.191300567839509,1.259064005630316,52.1872652222527,0.010865914676999999
5071463760,79358794,1068.407,0.0,76.925304,0.0,0.663877125997
2019487327,29858589,839.619,0.0,60.452568,0.0,0.521714897649
29858565,29858598,35.873,1396.9335938127963,3.66728089001241,12454.926892481946,0.022290441882999997
29858582,343390351,10.772,6.742845713057032,1.2926400002946061,20.09257155730715,0.006693408412000001
29858586,29858585,24.938,0.0,1.795536,0.0,0.015495749998
29858598,29858567,60.128,0.0,4.329216,0.0,0.037361795488
29858598,30691229,2876.065,1411.124894380636,454.45812524965584,1380344.2552673335,1.787103385115
30624394,30624409,232.683,1124.6131570223936,24.827086039128876,66827.72777054287,0.14458246839299999
352780789,1272283714,15.277,0.0,0.91662,0.0,0.009492684767
29778886,30624394,1447.416,1124.6131570223936,114.13477232929199,353641.2781456103,0.899382327336
5973016325,2721129357,316.917,731.1911519072304,24.783084187991197,50176.61511626844,0.196923033207
3463835860,721672406,12.14,564.6382234924339,0.90084741279126,1455.830064686906,0.00754344394
587656947,3088844303,19.244,1016.133743949626,1.391062402049994,4117.315725394867,0.011957663524
52776930,3713107191,2360.932,272.1105852473465,170.2678876630449,135170.1182936798,1.467014677772
29803511,3463835860,141.121,1124.8006204203468,15.060761253280768,40543.11418513476,0.087688496891
29857969,29857970,23.818,2137.711568095809,2.389250638518606,12508.475298180514,0.014799814478
89063542,78546317,23.081,0.0,1.6618320000000002,0.0,0.014341864051
473149155,1468426088,15.44,0.0,1.11168,0.0,0.00959396824
29857950,55166725,14.473,0.0,1.042056,0.0,0.008993102483
29858039,29858047,13.507,0.0,0.972504,0.0,0.008392858097
29858048,671977972,15.326,340.90577955608,0.92092934778984,1055.183157930293,0.009523131946000001
59388408,59388409,19.19,0.0,1.38168,0.0,0.011924109490000001
2328014808,2328014806,17.49,0.0,1.25928,0.0,0.01086777879
30431693,1821765992,453.759,1979.308265089864,87.95570201910793,357875.3845917736,0.281952683589
30431693,30557404,1912.441,1352.395343265494,276.47014095269327,821345.9709016167,1.188335376611
1821788428,1821788436,6.909,295.36470166441984,0.49858865990015405,429.4504195449231,0.004293052239
1849718416,277865232,1479.81,1606.5484074048268,320.3857720095829,1030249.9629358932,0.91951101951
30432643,30433674,983.647,1442.427039325607,163.19053351628165,501176.9093988036,0.611209720037
736589409,5747322824,797.62,1442.427039325607,132.32799301299815,406394.49566223857,0.49561793702
30431693,245933537,1742.964,1748.2167787877777,254.73380610954183,975768.6879263103,1.083027283644
30432015,30432643,1887.123,945.2799098076838,168.55785909744404,410477.3167735986,1.172603505633
30435812,30436163,360.8,371.5670184531536,26.126783836125323,28243.309847675253,0.2241906568
30436159,30436160,49.457,810.6678881108788,4.024250899483944,8825.408059077525,0.030731145547000002
30433742,295190996,622.262,143.27724759271007,44.80321952392258,18749.021981376,0.38665556120199995
30435793,30435812,11.971,371.5670184531536,0.866861777445276,937.086092534701,0.007438432241
30437211,746585461,1508.725,961.0686477220344,110.37327603546264,306486.4795226467,0.937477961975
76621139,4523973581,26.584,99.55821943891053,1.914104654631978,556.5811570787149,0.016518526664
30437187,30437211,407.352,1309.800515695637,38.84676355792465,127226.75779286692,0.253116719592
30437187,6469357845,1177.43,71.72380452780365,84.77563591950874,17759.327996643347,0.7316208565300001
29881660,29881673,10.691,0.0,0.769752,0.0,0.0066430773610000006
29881660,295693484,187.66,0.0,13.51152,0.0,0.11660648186
31532419,31532420,11.21,1498.4398805182154,2.0330608494758704,6358.418417725974,0.006965568910000001
31532419,31532812,5206.22,1237.4884793437814,639.6940639320133,1812560.616775285,3.2349941276200003
29904657,2415800659,14.978,0.0,1.078416,0.0,0.009306894838
30096722,30096725,10.729,0.0,0.7724880000000001,0.0,0.006666689458999999
31491543,31491544,24.467,0.0,1.7616239999999999,0.0,0.015203084257
61693468,29885309,24.518,0.0,1.765296,0.0,0.015234774178000001
2230162968,2230162970,10.781,0.0,0.7762319999999999,0.0,0.006699000751
30099374,30135002,492.854,1492.4726463059756,38.80084602846491,159701.49216608965,0.306245182834
30096722,30096731,2330.244,1216.593111845556,278.51371860772514,782011.4770465138,1.4479460445240002
30099375,30099354,366.901,1995.7091271088093,152.67067848751216,486022.77052870195,0.227981641271
30429515,30429681,269.007,774.67037346824,21.470045549553987,45497.79303588085,0.167153148597
1821788428,1849718416,55.223,888.6735500625397,4.022751565775778,10358.687232841181,0.034313970733
30135002,32351093,772.342,413.4663900775252,55.639226515763596,67166.33984728323,0.479910920882
30738020,449284430,10.92,0.0,0.7862399999999999,0.0,0.00678537132
560966940,49823805,1254.277,1390.3900553443316,96.66310706707007,375488.5382134921,0.7793713537670001
30738019,449286702,9.961,0.0,0.717192,0.0,0.006189476531
213215575,49823805,1457.823,1440.687924526302,241.1990016877848,740306.3301104116,0.905848935333
30691212,1841185986,26.56,0.0,1.9123199999999998,0.0,0.01650361376
30770283,30770290,606.945,12.361722893381472,43.700040060730515,1577.8124269446687,0.37713802159500004
30770304,32854682,2366.206,0.0,121.69059426,0.0,1.470291788426
30770258,30770283,999.352,0.0,71.953344,0.0,0.620968351592
30770283,35250123,4056.417,546.2358954614583,293.6094329819305,466738.5001827998,2.5205398877069998
30822874,5875536639,308.156,0.0,22.187231999999998,0.0,0.191479201876
245936965,3070074797,11.384,0.0,0.819648,0.0,0.007073687464
32854682,6321290433,10.156,0.0,0.52230858,0.0,0.006310643876
30822849,30822874,2249.037,0.0,161.930664,0.0,1.397486369727
1352425430,1352425428,16.015,3703.234672503376,66.48997477570171,69312.18122401526,0.009951256565
31357362,280719227,12.873,0.0,0.926856,0.0,0.007998908883
31357341,31357342,162.775,1396.00364860784,25.1301628442039,75907.25725469085,0.10114366452500001
4090512234,122341702,466.727,996.2813378821504,35.574644563592635,99704.63831522161,0.290010622717
30554089,30558166,163.221,2065.5873560748087,76.20695635601452,237604.50866255478,0.101420795991
30558166,4464573448,11.183,842.2581588546001,0.927256371630294,2090.660198352706,0.006948791893
76620746,3393883724,266.196,159.69256081428756,19.1663467074607,8939.534478776439,0.165406474716
76620746,4523973581,84.029,902.8338291093388,6.289310522190378,16160.611143026577,0.052213183759
80007282,1910114874,337.28,951.1695757714912,30.27281096815783,74007.26327826071,0.20957601088
30558119,4464573448,391.717,671.075514729032,28.5440318506736,55492.159067298235,0.243401584007
30558111,30558123,17.329,436.4923699048349,1.261333414692822,1596.1740574496696,0.010767738059
751736687,751736664,17.025,0.0,1.2258,0.0,0.010578841274999999
30683669,30683665,11.092,2.4528083522353823,0.7986240000087059,5.721376229440727,0.006892247132
6250350293,3713107191,17.751,545.4285615433928,1.3121505368273638,2053.5835123540423,0.011029956621
30624409,30624619,861.556,710.0886439679465,62.329007354210496,128847.72021821394,0.535345913276
30624405,1549537397,1346.443,1842.84221101703,121.2941937280155,573499.6520624078,0.836640633353
50134174,30690709,23.705,0.0,1.70676,0.0,0.014729599554999999
30689845,213215575,25.577,859.2300837969104,2.1439525822673398,4902.206877864989,0.015892806067
6250350293,30692642,13.669,158.06740116033882,0.9843531026373361,454.39300398684816,0.008493520199
2019948693,2019948685,16.03,1042.3551024751446,6.435004267279854,10874.91683381146,0.00996057713
33236393,1274861012,454.837,379.5410867952546,32.753505282281445,36304.7419468048,0.282622521527
33965040,2621152972,2122.895,0.0,152.84843999999998,0.0,1.319105389045
33211746,33211748,14.415,0.0,1.0378800000000001,0.0,0.008957062965
253327929,253327928,11.123,0.0,0.800856,0.0,0.006911509632999999
1744136336,64660869,397.848,0.0,20.460754259999998,0.0,0.247211209608
1744136336,335376891,405.773,1.526860756505068,20.86832574003417,123.65312203408678,0.252135574783
33965040,1744136336,2595.036,0.0,186.842592,0.0,1.6124801143560001
2621152972,866613841,1440.286,600.6622849950049,104.503954896273,182375.79924111394,0.8949519521060001
1513330707,34967077,14.345,0.0,1.03284,0.0,0.008913566995
35115738,1190672713,11.365,0.0,0.81828,0.0,0.007061881415
4482781014,4482781015,15.673,0.0,1.1284560000000001,0.0,0.009738747683000001
34967067,34967076,13.959,0.0,1.005048,0.0,0.008673717789
1190672718,575758637,11.712,0.0,0.843264,0.0,0.007277497152
1190672719,1190672717,11.257,0.0,0.810504,0.0,0.006994773347
1742703651,1742703650,13.814,0.0,0.9946079999999999,0.0,0.008583618994
35115741,35115747,12.173,0.0,0.876456,0.0,0.007563949183
72981490,928259421,669.549,987.5418266655612,50.93616608497465,141677.52866627384,0.416038331679
31669806,59978773,14.46,0.0,1.04112,0.0,0.00898502466
309656645,5407135851,146.43,672.283184005471,10.583513251780342,20726.88141605214,0.09098735553000001
31492408,31532812,15.953,80.50144201248374,1.14863053327917,270.069023166579,0.009912731563
32255254,32255255,12.304,0.0,0.885888,0.0,0.007645348784
32255254,2684927907,827.314,0.0,59.566608,0.0,0.514068927494
33017710,33206969,14.787,0.0,1.064664,0.0,0.009188212977000001
32255272,32144414,94.746,0.0,5.68476,0.0,0.058872416765999996
6321290433,1434044682,21.87,0.0,1.12474284,0.0,0.013589383770000001
2879837151,482728288,16.243,0.0,1.169496,0.0,0.010092929152999999
1234120250,1659650274,2175.791,0.0,111.89782284,0.0,1.3519734294610002
274725466,274728550,12.259,0.0,0.882648,0.0,0.007617387089000001
33205353,33205354,14.268,0.0,1.027296,0.0,0.008865721428
1387922657,1387922662,13.789,0.0,0.992808,0.0,0.008568084719
194539323,35250225,4134.628,1176.8519600786597,469.7335958019092,1295687.2059481528,2.569137934988
33205349,418751693,14.285,0.0,1.02852,0.0,0.008876284735
64979250,75441756,1422.815,0.0,73.17334284,0.0,0.8840959793650001
75441756,75441624,245.809,0.0,12.64160574,0.0,0.152738584139
5653527160,260683039,8.847,0.0,0.636984,0.0,0.005497269236999999
64979182,5105450554,1558.777,0.0,112.231944,0.0,0.9685788232670001
68435087,68435104,401.096,622.502133219283,30.18543878709924,53290.68975679896,0.249229422616
68435087,76652370,159.681,1235.544545682187,19.56926123235934,55402.539349845676,0.099221142651
75441756,416829140,165.466,351.4893835545583,11.919895535923596,12232.644937946437,0.10281577388600001
638946911,6268093337,25.456,0.0,1.832832,0.0,0.015817620176
261690348,339213073,9.275,0.0,0.6678,0.0,0.005763216025
416828920,75441624,137.245,0.0008706338661063583,9.88164,0.025128069118744822,0.08528006289500001
68435104,98091274,1382.439,0.0,99.535608,0.0,0.859007503869
76652370,300467569,656.844,311.2445495439757,47.319180580380106,42999.84806032041,0.40814381312400005
3393883724,1580853262,12.039,0.0,0.8668079999999999,0.0,0.007480685469
76636814,2472304451,636.828,951.1695757714912,48.085165217999645,129437.03890248568,0.39570645118799996
76598376,1596683752,2802.311,6.589046890233944,201.76639211458118,3882.9872079219335,1.741274788381
1596683752,1596683750,16.888,1597.093084982627,3.599384370038916,11551.433609296375,0.010493713448000002
38918157,57343487,20.324,390.7951600911369,1.4736108263849281,1673.9678619591757,0.012628744204000002
39933917,335376891,8.09,0.0,0.41605716,0.0,0.00502689139
35115766,35115769,11.301,0.0,0.8136720000000001,0.0,0.007022113671
38918157,1652675106,463.244,1275.0226083449168,38.59950318562581,131393.07526369893,0.28784638752400005
51414512,51414522,125.646,2331.3537208243183,14.078828879133246,77272.13937812827,0.078072780666
51414512,2866993683,13.345,0.0,0.96084,0.0,0.008292195995000001
267924279,64660869,193.99999999999997,54.76201817069896,11.640000255464106,2145.1468462063835,0.12054597399999999
49823805,345382848,612.748,1737.709145474623,68.0582792732213,279224.0505696795,0.38074383750800006
53433357,1567724868,620.401,0.0,44.668872,0.0,0.38549918977099995
560570589,3642137211,789.991,0.0,47.39946,0.0,0.490877497661
52645620,73729228,9.492,0.0,0.683424,0.0,0.005898053532000001
3713107191,6250350292,26.474,816.9520092625896,2.161934960079072,4768.268591200825,0.016450175854
59388415,59388414,17.27,0.0,1.2434399999999999,0.0,0.01073107717
59955480,598605518,20.902,0.0,1.504944,0.0,0.012987896642
1567724868,2339090006,279.924,452.23938947338905,17.007100123507247,25606.98874947704,0.173936655804
837696595,837696625,18.403,0.0,1.325016,0.0,0.011435090512999999
235637281,1970887600,525.195,1447.3706309298473,40.93886884786283,164390.58461807013,0.32634094234500005
517506274,517508435,469.535,701.0305611527946,36.266447951315705,70931.88292730953,0.291755432485
695595039,695602698,292.877,0.0,8.78631,0.0,0.18198527436700002
1552842866,412543167,11.818,0.0,0.8508960000000001,0.0,0.007343362478
246755581,274723723,137.844,667.5272791650247,10.518472788129408,19738.204264097607,0.085652264124
7125437417,7125437413,12.982,302.83962630012616,0.93707263980012,827.4208668765738,0.008066638322
1209011882,270406510,15.855,0.0,1.1415600000000001,0.0,0.009851837205
3356007894,316825090,8.005,726.9619502490233,0.5941074838798139,1236.0019032279556,0.004974074855000001
1546103604,1546103598,9.952,0.0,0.7165440000000001,0.0,0.006183884192
252476819,6019010078,11.187,0.0,0.805464,0.0,0.006951277376999999
7241153388,1509404658,204.335,768.7228945326631,27.099948601288343,46735.933384837954,0.12696784328500002
1502779887,1502779893,13.324,0.0,0.9593280000000001,0.0,0.008279147204
294838085,1652675109,14.3,0.0,1.0296,0.0,0.0088856053
2212270072,2212270197,18.905,0.0,1.3611600000000001,0.0,0.011747018755000001
2628438421,2536543051,12.271,0.0,0.8835120000000001,0.0,0.007624843541000001
252684013,1652675133,18.571,0.0,1.337112,0.0,0.011539480841000002
247453072,300466784,649.221,934.8024878752174,57.49812437500567,139042.41996187775,0.403407101991
247453072,7125437417,932.175,302.83962630012616,67.28668063516258,59413.11404873452,0.579226511925
2472304451,76652384,13.419,859.1156582864718,1.874570803974384,3566.748930137783,0.008338177449
76652384,247453072,240.906,1155.134233934884,26.649539341622802,72777.41204932633,0.149692002126
1560223505,1656195407,247.813,3110.452852205419,29.35126403160193,211267.72525424973,0.15398381162299998
1787991699,343409992,19.635,0.0,1.41372,0.0,0.012200619585000001
94487954,1560223271,11.249,0.0,0.809928,0.0,0.0069898023790000005
94487954,855357601,1468.309,1189.3276508521485,118.30649047552758,382785.93813616683,0.912364631639
158710664,1906766909,403.281,2812.3116025110403,41.55236779992868,283266.2419344862,0.250587118251
158906921,412543168,1160.462,573.3820811373351,86.27417290170254,141409.24744947714,0.721077433402
105789410,593902037,12.313,0.0,0.886536,0.0,0.0076509411230000005
2470290300,2018197570,13.014,0.0,0.9370080000000001,0.0,0.008086522194
169492702,1821447937,16.47,0.0,1.18584,0.0,0.01023398037
253168550,3247046794,12.026,0.0,0.865872,0.0,0.007472607646
412543168,681323998,13.426,573.3820811373351,0.9981516373463819,1636.0385400441191,0.008342527046
166936001,2458399622,16.907,0.0,1.2173040000000002,0.0,0.010505519497
26753996,446257324,82.502,3120.6193827174225,7.530141283055292,59920.49643708305,0.051264350242
446257324,4308915627,12.013,0.0,0.864936,0.0,0.007464529823
1837885779,4363544518,718.106,2152.809775279359,72.6157398991374,381655.64327390207,0.446210243326
26752898,26752897,13.061,0.0,0.9403920000000001,0.0,0.008115726631
2281961672,2298251318,12.294,0.0,0.885168,0.0,0.007639135074000001
26755591,28252025,12.302,0.0,0.885744,0.0,0.007644106042
303647835,303647840,12.03,0.0,0.8661599999999999,0.0,0.00747509313
26755580,30411612,12.609,0.0,0.907848,0.0,0.007834866939
26759191,26759197,20.995,517.9784703534298,1.544424557428014,2302.8673199174405,0.013045684145000002
26759191,2296386929,2392.874,1705.248349113406,258.98550250646025,1051808.3756404128,1.4868625102539998
303647827,303647832,11.849,0.0,0.853128,0.0,0.007362624979
26756605,4308915682,141.123,408.6367706332256,10.166190997282897,12129.241015631911,0.087689739633
28321262,26871231,2362.41,839.1272611952886,195.50167940987865,439625.02839487407,1.46793306411
3056455792,33484092,440.312,1865.163860642908,38.927085815157454,187983.85262510623,0.273597107752
26759197,28321262,1318.307,146.89668661852693,94.93141991975767,40726.27079074163,0.819157738897
28321262,5754859578,757.443,1201.0330751199042,88.72411189538225,247410.86753532477,0.470653114353
26749711,270967331,14.815,0.0,1.0666799999999999,0.0,0.009205611365
26749742,26749743,14.803,918.7064865954072,1.2945672528816,3095.9528730542665,0.009198154913
4308915673,271649075,12.643,3257.0345992991533,3.141315280902894,19738.976412241922,0.007855993553
28299285,28299286,11.936,0.0,0.8593919999999999,0.0,0.0074166842560000005
26750488,30736687,22.852,1428.2727747112267,3.70823109102378,11332.40980699087,0.014199570092000001
26750490,26750495,13.717,1060.8653316312889,1.3645071999359282,3556.876721230865,0.008523346007
3847019599,3847019596,14.594,0.0,1.050768,0.0,0.009068288374
3847019602,3847019605,14.958,0.0,1.076976,0.0,0.009294467418
1352194827,1352194826,10.541,0.0,0.758952,0.0,0.006549871711000001
26750965,1747531134,10.883,0.0,0.7835759999999999,0.0,0.006762380593
26750495,198960349,551.145,1675.6783411845222,45.57379408213525,204739.06470100555,0.342465519795
26750961,26750962,8.578,0.0,0.6176159999999999,0.0,0.005330120438
1837885781,3740694097,1072.751,1898.8309649895668,96.14542697421552,469549.89163064805,0.666576361621
26752895,26752896,12.528,0.0,0.9020159999999999,0.0,0.007784535888
1352194830,1352194828,10.513,0.0,0.7569359999999999,0.0,0.0065324733230000005
1837885781,1837885779,10.591,2216.0121259700013,1.10881981513929,5921.191995550553,0.006580940261
26761226,26761227,12.875,0.0,0.927,0.0,0.008000151625
678884838,254336400,8.204,0.0,0.5906880000000001,0.0,0.0050977276840000006
610214138,610214137,12.287,0.0,0.884664,0.0,0.007634785477000001
266360218,266360219,15.071,0.0,1.0851119999999999,0.0,0.009364682341
5496911312,5496911313,127.034,1274.353286439094,9.600667709248278,34604.28303821389,0.078935243614
26869633,1333672016,386.904,1423.9626420792172,30.013760650319377,118921.88128490568,0.240410925384
1560791805,26787978,96.343,1440.8358815971974,7.499639560277497,30003.96611763094,0.059864746253000006
28977169,28977170,18.148,1326.791337997396,2.526616844844546,7430.485914601146,0.011276640908
26823034,26823035,29.67,3595.043593094459,7.658586238465488,52532.864006615826,0.01843607757
26823034,772829346,184.203,1808.174317302697,23.732588622940302,96997.04254812593,0.114458402313
4731402765,4731402764,11.51,0.0,0.82872,0.0,0.00715198021
26823026,101472541,16.421,0.0,1.182312,0.0,0.010203533191
27253414,27253415,20.105,0.0,1.4475600000000002,0.0,0.012492663955
26852172,370014850,88.686,780.1449209369481,10.71655207272578,19234.08442292936,0.055106908506
101471629,101471630,117.716,1273.7525487455314,15.197302244708249,43731.27257895269,0.073145308636
29318889,26952349,30.233,0.0,2.1767760000000003,0.0,0.018785909443
248461409,194539349,796.266,832.5896799044456,65.63135811246802,146760.7517337673,0.494776600686
30784123,30784131,14.397,0.0,1.036584,0.0,0.008945878287000001
333022137,333022140,15.637,0.0,1.125864,0.0,0.009716378327000001
26759335,28382464,312.699,966.2959681659702,28.428225233777084,70176.43940396474,0.194302090329
27559692,27559689,254.018,1355.3357079922057,21.962064790426687,77933.97324792107,0.157839418678
26759741,33205352,812.927,379.5410867952546,58.89667006606231,65011.815630726356,0.505129262917
26759737,26759739,12.36,212.28881634804108,0.8904645447110461,551.8941350605538,0.00768014556
27559692,250055663,14.786,594.7835962055609,1.0671008417032082,1850.7919946496493,0.009187591606
28472300,28472298,18.194,1198.685541561553,2.1247770975589977,5918.831347980726,0.011305223974
610214101,26759834,337.788,1.2316556975544286,24.320736000000377,87.49043328328703,0.20989166734800002
1833373692,610214109,582.231,2945.9286356615494,63.67732901689097,445181.2574160323,0.361781458701
1833373673,26943854,2107.463,2986.4342972406507,185.80485568951437,1438633.9629419143,1.3095163917730002
26759834,3140307357,1857.038,1.2753124205996804,133.7067360000005,498.04021289442886,1.153909559098
28472306,28472307,14.521,0.0,1.045512,0.0,0.009022928291000001
26759832,27324702,7812.716,0.0,562.5155520000001,0.0,4.854595153636001
27324702,5895007349,10.4,0.0,0.7488,0.0,0.0064622584
2055717303,2055717313,13.143,0.0,0.946296,0.0,0.008166679053
26907954,26907967,83.383,1071.0305821739694,6.152331020556281,18930.451926187576,0.051811778093
1192469943,1617817926,96.049,1772.8774898723334,7.386306371054039,36633.99271219229,0.059682063179
26906842,26907212,576.867,1261.7412565432355,73.24933685773874,209715.19509925632,0.358448424657
26917058,268053213,101.053,0.0,6.06318,0.0,0.062791403663
26917059,1624946286,108.642,0.0,6.5185200000000005,0.0,0.067506988182
26907947,26907967,18.574,0.0,1.337328,0.0,0.011541344954
26908558,26908559,14.134,0.0105502582509001,1.017648,0.03135849472795055,0.008782457714
29210921,29210923,19.61,570.5684420205521,1.457003247688398,2377.366549511715,0.01218508531
26952351,26952353,14.677,0.0,1.0567440000000001,0.0,0.009119862167
26925679,26925680,14.708,0.0,1.0589760000000001,0.0,0.009139124668000001
31271839,31271840,20.04,0.0,1.44288,0.0,0.01245227484
26952871,248386285,390.044,1773.011612151617,111.69476771439848,365818.71651554026,0.242362030324
31261037,26952872,53.461,1226.6363234894743,6.47466147460629,18259.646993985014,0.033219115031
26952355,3073311336,20.586,870.8628582185511,1.4982450541704,3783.006600415356,0.012791543406
270654946,270654973,16.601,0.0,1.9921200000000001,0.0,0.010315379971
26868068,26868077,15.732,1584.9715710099551,3.28636060040277,10518.647834598394,0.009775408572
26868071,26868079,26.75,0.0,1.9259999999999997,0.0,0.01662167425
2874697972,26848991,152.682,1726.0320322022674,21.383934738501818,81693.13640253205,0.09487216702199999
415917290,27786588,352.15,1185.7988099300887,40.45832589702632,112051.65861508624,0.21881579764999998
26903229,364309968,893.823,1645.2402175507682,206.41643211981662,668510.7466644812,0.555395691333
267980715,675602656,12.928,1645.2402175507682,1.0592367614984282,4696.07741094265,0.008033084288
27177334,1137743423,150.081,1251.9896312495032,18.80482385530432,53615.97345805231,0.093255981051
27177334,27177333,66.161,1129.361881766021,7.098346243311216,19150.461838181054,0.041110526731000005
27252603,1446063608,1817.581,1476.8074761057026,167.91094109921477,628814.2340974368,1.129392123551
27252603,33063425,3204.114,472.8070312768816,234.16957182382646,320108.4523276802,1.990943520294
267980715,267980714,77.154,963.9788697957466,5.645414489680074,15721.727080300836,0.047941258134
26905937,27252603,445.614,1948.826814213376,171.51491325141728,552016.1731505668,0.276891616794
26906179,30099387,1486.179,448.4386864321807,107.26241631270798,140258.424633546,0.9234685314090001
26906455,267345817,605.331,2426.2911320768403,53.99197642463094,337713.15716072853,0.37613512880100003
782959423,27452968,3584.929,897.2786152655124,308.5225366616177,726522.0461383454,2.227570917659
26906175,1617500942,15.654,0.0,1.127088,0.0,0.009726941634
415402565,415402564,11.568,0.0,1.38816,0.0,0.007188019728
280323018,280323089,11.541,0.0,0.830952,0.0,0.007171242711000001
26983784,26983791,11.787,0.0,0.848664,0.0,0.007324099977000001
4853222912,4853222911,13.426,0.0,0.966672,0.0,0.008342527046
268656340,30770298,1285.988,1202.3220286827986,150.88552359283608,420992.00669861154,0.799075649548
27134820,27134823,11.447,0.0,0.8241839999999999,0.0,0.0071128338369999995
277274222,29551850,341.342,1787.5751810112324,29.301970089675763,137645.96439566102,0.212100019882
268656340,1236954257,1764.579,32.984861109756096,127.0497333112827,12240.040212874661,1.0964582178089999
27176695,27176696,13.33,658.2674119768352,1.690088821571208,2525.470316157316,0.00828287543
27176695,27176892,628.003,444.427194807785,45.747676305791536,58912.32272322649,0.390222852113
300951340,300951343,10.873,0.0,0.782856,0.0,0.006756166883
27176676,5754859578,5290.826,1528.2814861624076,504.6134875997079,1928230.8231067383,3.287565842446
27176900,29710850,980.004,2159.174940343615,99.4382008428439,523485.02062811237,0.608946065484
27176900,354685073,1181.551,305.3473014353775,85.29448238449673,75932.95979659003,0.734181526421
5754859578,28321448,283.566,2469.9921306373603,34.72620603893953,196580.07257938085,0.176199688986
29551951,27176900,69.766,2059.257333048674,32.23718578570916,100723.02818902272,0.043350569186000006
26952875,3356361105,50.17,0.0,6.0203999999999995,0.0,0.03117418307
3356361105,2453778078,377.994,1400.3852322797918,97.9162544460409,261351.15808434732,0.234874509774
26952875,26952876,60.309,953.3330719151592,7.349643125333873,16080.441460895263,0.037474263639
26952875,3356361105,49.646,1400.3852322797918,12.860390292512964,34326.04642998436,0.030848584666
26953134,35107206,960.718,1395.4385555811275,148.19322195684094,447533.38049073674,0.596962304378
26960762,29276217,855.245,1611.4899853735674,86.29161269909157,339785.8000459105,0.531424440895
26953063,1679931219,634.232,1465.7492733680992,82.72272470335608,273188.59337250446,0.394093372072
358082698,26953133,463.034,1400.3852322797918,33.815344970256604,136981.02174984507,0.287715899614
29422506,29778602,13.695,2111.041650884292,6.8860922260601525,21123.827453221864,0.008509675845
29422506,822502381,1296.557,1625.619434159884,289.766699013802,935257.9814766902,0.8056429196470001
26960762,29215046,857.487,1932.9161421516535,113.02770261189855,490899.9557045423,0.532817554677
29276217,3243910627,44.246,2462.729374783132,5.3923312668267425,30477.200494592973,0.027493181266000002
27176888,27176892,14.529,1120.0979572147205,1.54218472010358,4142.09053177582,0.009027899259000001
27176888,27177333,1021.485,736.2547227341867,80.05796923314504,162991.9136593485,0.634721155935
27176642,321202084,614.632,128.8127840769029,44.25717477399447,16649.93073777894,0.381914500472
4181885118,1832331491,187.474,281.38452703226704,13.499721413616768,11093.9019456114,0.116490906854
1124803473,1124803470,13.155,0.0,0.9471600000000001,0.0,0.008174135505
27452629,27452628,14.631,133.70202433850483,1.053533422089306,411.38845588264047,0.009091279101
1108743220,1108743218,20.102,0.0,1.447344,0.0,0.012490799842
29283308,30325037,11.524,1243.127080551117,0.867040297155678,3057.31774420996,0.007160679404
27452968,30134985,2222.047,2401.2459662905435,201.01217815318503,1235955.8362793494,1.380715566437
27452968,27452982,431.643,1341.821593938804,32.975396933249876,124295.68194005151,0.268210442553
30139446,30134985,1219.264,1121.881141800801,90.4056237214135,290436.78576327156,0.7576152909439999
30100086,30099352,204.328,758.5203933673314,14.80331900327428,32656.86949499753,0.126963493688
27452982,1446063627,662.107,1026.9839265237026,48.67025302914893,143955.36575413655,0.41141408869699997
27490761,2136081013,46.423,4.035940032936457,3.342456000267186,39.40079068976224,0.028845905933
30134985,30135002,656.662,2942.088242566708,113.98357394990775,706847.6366962005,0.40803072360200004
27452982,246753951,616.863,1078.3014728734045,47.98761381590361,143735.41976441495,0.38330077917300004
2136081013,6753463640,901.646,455.6043102179172,65.76125269839697,86743.88888265517,0.560256676666
2136081004,6420248064,862.876,20.70195411849602,62.12707543795643,3756.529199558984,0.536166122996
27490761,27492597,1832.819,1158.2699653140874,203.5221503184969,556610.5395964854,1.138860574849
27490761,2136081004,46.437,20.70195411849602,3.343464185018916,202.1634005812201,0.028854605127
27195160,27195163,29.88,2440.353783898788,2.304548510502684,15704.664474379273,0.018566565479999998
27195160,4200802789,1730.408,1621.3601461537824,175.82925126093875,694699.1148489994,1.075225349368
602906773,29710800,1078.656,1479.9637376650946,189.91517634482932,590553.2088643638,0.670245557376
27186894,27186896,14.155,0.0,1.01916,0.0,0.008795506505
27199799,5799377310,8.288,2308.652727092829,1.605584048863842,7620.884608869621,0.0051499228480000004
27199799,30429516,703.057,1752.207724053697,194.38058252482517,636326.5478149739,0.43685923114700004
27195163,29421277,1054.952,2077.4216618352807,81.21856910097152,471688.1759447402,0.655516579192
29421277,27195297,11.525,0.0,0.8298,0.0,0.007161300775000001
31271746,31271745,14.429,0.0,1.038888,0.0,0.008965762159000001
27371108,27371110,62.223,0.0,4.480056,0.0,0.038663567733
30429516,30429515,10.078,774.67037346824,0.80434754132199,1704.5160840260933,0.006262176938
27253347,27253350,15.743,0.0,1.133496,0.0,0.009782243653
1029432889,1029432861,12.535,0.0,0.90252,0.0,0.007788885485
443546729,443546728,12.991,0.0,0.935352,0.0,0.008072230661
27432691,27539586,13.379,105.9448008723862,0.9633013804581301,298.07957570064997,0.008313322609
27432942,29825865,20.347,0.0,1.464984,0.0,0.012643035737000001
27555224,318549151,20.324,0.0,1.463328,0.0,0.012628744204000002
122087860,29276773,17.305,0.0,2.0766,0.0,0.010752825155
8922440912,8025870983,113.448,842.7524734975918,8.413466217454014,20301.654128525974,0.070493297208
27554999,1509404651,125.958,842.7524734975918,9.341225740586633,22540.333463092076,0.078266648418
27785365,27785369,181.847,3094.4008246316835,35.69769931438698,226406.9400672304,0.11299445223700001
27785476,29018805,867.652,1407.28535345995,77.05290116106828,280134.64626291563,0.5391337908920001
27556349,29683688,1304.282,1398.859248248967,202.24465056012798,611537.8114250124,0.810443010622
27785364,27785365,12.562,199.87759881893788,0.9048989325331921,528.0989301853575,0.007805662501999999
543507321,2280773073,19.393,0.0,1.396296,0.0,0.012050247803
28237779,28237832,17.831,0.0,1.283832,0.0,0.011079666301
29018805,29325968,11.709,1271.2004824827886,0.860027409349992,3150.327130722962,0.0072756330389999995
28095511,256077333,1805.041,1630.2112632720346,133.37711475960637,624059.7511255046,1.121600131211
29058748,29058749,13.319,964.9256900267496,1.0506271507443599,2792.500919121963,0.008276040349000001
28255081,842553922,2.865,1346.5350149776227,0.41059574816034,1217.0134646491765,0.0017802279150000001
529939223,1354122705,635.11,439.3510277320247,46.241256504139216,58888.55869861072,0.39463893581000004
28253205,28255855,14.839,0.0,1.068408,0.0,0.009220524269
27491008,2042944775,104.734,788.4654910783295,7.714292297770176,17494.374671127967,0.065078670314
27491016,3783190952,570.553,0.0,41.079816,0.0,0.354525088163
27491003,5105450550,711.239,0.0,51.209208,0.0,0.441943288669
1332599907,27491008,10.066,0.0,0.724752,0.0,0.006254720486000001
27491049,2824229414,1819.872,1009.1711997278554,171.97634689698432,435678.5340703421,1.130815684512
2044036517,27491092,803.967,679.1468716090094,43.99703134027244,109255.57851569238,0.499561778757
27491016,1285360346,256.097,788.4654910783295,18.57317453381699,42560.8694146938,0.15913124898699998
27491020,1285360394,239.296,363.3873390307082,17.247191533411943,18292.512653387676,0.148691594816
8185575075,1679931169,575.263,1733.4942561481778,154.1030465321527,504027.60255352885,0.357451745573
27541849,199538245,1849.544,1932.9155303611767,243.79330427370462,1058838.6676037433,1.1492530048240002
27491092,380434010,9.136,271.4326252941203,0.6588677488511879,521.7562756877593,0.005676845456
31390645,31390647,191.312,2151.2705737295228,102.6595649722057,309906.7031453285,0.118875728752
8003428162,8922440789,180.435,842.7524734975918,14.965685432010444,33756.800027730926,0.112117076385
27554996,604944182,112.545,768.7228945326631,8.95577472875033,18865.65859300726,0.069932199195
199538245,31357344,14.64,2805.4334983595304,2.283577411856754,13829.553287816201,0.009096871440000001
27554987,8922440701,74.247,1367.8227429677488,6.459411040013406,23059.71220952398,0.046134932637
28382558,28382559,22.582,0.0,1.625904,0.0,0.014031799922
4453131211,4453131214,19.236,0.0,1.384992,0.0,0.011952692556
28382469,28382470,19.7,0.0,1.4184,0.0,0.0122410087
35502136,253029510,467.621,0.0283552076199891,33.668712,2.7883922557744603,0.290566128391
28472268,646731071,12.04,0.0,0.8668800000000001,0.0,0.007481306839999999
28472271,28932266,16.503,0.0,1.1882160000000002,0.0,0.010254485613
28382654,28382655,20.188,0.0,1.453536,0.0,0.012544237748
28382656,203603942,102.584,1441.0602922222809,7.985831983185413,31953.15119462307,0.06374272266400001
344070622,588159345,18.248,978.5838571305436,1.446698241492156,3888.0127674245314,0.011338778008
28796537,101373692,3096.54,1745.995565596268,346.25875540838183,1424236.9856937889,1.92410015634
28472305,28472303,13.584,0.0,0.978048,0.0,0.008440703664
28794059,344070622,1340.107,2362.2427217378126,161.92136976662712,879994.6078238463,0.832703626697
29018804,29325968,555.941,2236.2715545655587,99.60335370098751,466176.63196681556,0.345445615111
3454709317,290170233,10.763,0.0,0.774936,0.0,0.006687816073
28933019,35125486,567.318,1581.802053296998,117.8914089831898,377061.47829000343,0.352514952978
4690478072,1168211979,21.917,0.0,1.578024,0.0,0.013618588207000001
29187941,168419570,13.881,0.0,0.999432,0.0,0.008625250851
276505293,276505294,15.62,0.0,1.12464,0.0,0.00970581502
842553922,28255087,56.687,199.93420410841864,4.081586805691566,2383.426088096265,0.035223657877
28255087,28255854,14.104,0.0,1.015488,0.0,0.008763816584
59885097,59893230,263.17,1734.483357177704,117.69410787512689,314738.5970308023,0.16352620607
28300252,28300261,33.721,1639.6718894768214,7.715223058530486,24963.820117478175,0.020953251490999997
100157292,301288388,11.133,1846.299939860355,1.35589888196709,5746.36424333312,0.006917723343
51354576,28300252,218.599,1072.4772234817094,22.01258741853255,57729.91633702676,0.135831079229
1679204655,1822552903,141.468,2315.019715799932,15.694579884061463,85815.59605344491,0.08790411262799999
28373968,59380577,12.562,871.058968628381,0.9142687301311261,2308.995382192272,0.007805662501999999
28300261,5799377313,1988.356,2190.735127792157,205.25429142843578,1089218.6150353637,1.235506756076
1187014741,1187014744,9.277,0.0,0.6679440000000001,0.0,0.005764458767
208775625,28382465,22.206,966.2959681659702,2.018801369819706,4983.508144907531,0.013798164425999999
33484152,203603949,13.394,0.0,0.9643680000000001,0.0,0.008322643174
59380577,31357344,1132.17,2383.244408564301,238.02099931245215,1143742.8466245972,0.70349760507
28373972,3513423874,143.979,1927.106101722155,13.058693997746605,64360.048634689585,0.08946437520900001
1472911017,697323164,9.485,0.0,0.68292,0.0,0.0058937039349999994
2121324874,341340978,151.108,1833.8959237369768,47.955770535600735,156793.47389164084,0.093894129068
442649846,8078047384,15.149,0.0,1.81788,0.0,0.009413149279
5747234980,4566145594,115.169,2169.49957516456,8.97544289794206,54029.95288578326,0.071562676699
29273064,29276213,257.687,1269.0769333081637,21.417548891599843,72665.49791709086,0.160119228877
2028472686,29785151,10.408,0.0,0.749376,0.0,0.006467229368
631457492,29785114,10.636,0.0,0.765792,0.0,0.006608901956
29273064,29273065,32.872,46.38583596845199,2.366784206326164,320.655399956083,0.020425707512
29787096,29787103,452.025,984.6272015278804,41.76209535528443,104269.63652004552,0.280875226275
449286703,29283352,10.112,0.0,0.728064,0.0,0.006283303552
29275985,295706305,13.519,4.465587744132133,0.973368000007284,12.695512145063013,0.008400314549
29276965,29787096,1019.155,2181.395922838907,172.26174307268866,796754.456246835,0.633273361505
29420472,286421590,8.05,0.0,0.5796,0.0,0.005002036550000001
29421303,30689763,3186.29,905.7628057611984,275.93396586323354,653827.7321217259,1.97986820359
29283362,30138577,11.024,1260.9671899719474,1.398318003017604,4002.116080461719,0.006849993903999999
30138576,6053028362,183.204,1588.9844187199562,38.525641840453325,123420.34014101818,0.113837652684
746509087,746509086,12.608,0.0,0.907776,0.0,0.007834245568000001
1834305390,30436160,520.058,436.1074110642204,37.85224373804316,47859.7010531107,0.323148959518
1668619684,5070967075,54.21,1909.3848592434708,19.533153767290376,63321.91848485829,0.03368452191
29035850,29831565,16.167,0.0,1.1640240000000002,0.0,0.010045704957
293245005,1298513761,12.765,0.0,0.91908,0.0,0.007931800815
29122667,31058257,12.712,958.7447180801051,1.148251398866952,2820.9104725645916,0.007898868152
6874997891,6874997890,12.473,0.0,0.898056,0.0,0.007750360483000001
746506875,5747321712,471.246,1064.6481263545006,47.063157149290895,122924.48764050652,0.292818598266
4027015839,35107205,341.348,1096.6572516175945,35.28701067227493,93688.86248990514,0.212103748108
29123047,29123149,112.755,1983.412297716572,14.973530177692746,66604.95517679717,0.070062687105
29122667,4027015839,45.256,1096.6572516175945,4.6783603682590025,12421.291939144636,0.028120765976000002
31058257,29122668,431.622,2345.9014161803,314.6395563761785,862547.0564585965,0.268197393762
283190210,29216576,464.661,474.5929711042953,41.637376267785896,50828.94571195933,0.288726870231
29216571,351144759,12.24,463.509687077302,0.8935352814442981,1198.352168850155,0.00760558104
29207420,1263312256,20.053,0.0,1.443816,0.0,0.012460352663000001
29210923,535639708,19.869,570.5684420205521,1.47624668680881,2408.7657303543247,0.012346020399
30692654,3713107190,55.64,1676.989437995939,13.551939587659632,44092.371197606815,0.03457308244
2448060048,30692654,7.955,1.9113306531107308,0.572760000002298,3.197444676590166,0.004943006305
560966940,1797707408,463.594,27.166572482028872,33.37876908197886,2648.4982438614456,0.288063867374
49823805,560966940,1254.277,27.166572482028872,90.30794492623136,7165.6458211186555,0.7793713537670001
3713107193,3713107190,14.777,0.0,1.063944,0.0,0.009181999267
2506178115,30692658,200.862,1622.1545574256045,20.421542836554785,80707.10464701835,0.124809821802
6250350292,30692654,103.72,1623.4651649423706,23.09719359138042,74519.23284778146,0.06444860012
3713107190,2506178115,80.45,1676.989437995939,19.594779651819156,63753.2577794297,0.049989296950000005
30770149,30770151,9.454,0.0,0.6806880000000001,0.0,0.005874441434
79838669,30770149,11.325,0.0,0.8154,0.0,0.007037026575
449286702,30738019,9.961,0.0,0.717192,0.0,0.006189476531
449286702,449284430,123.28,1452.8856482745755,20.79200847866412,64082.4787084821,0.07660261688
30770151,79838688,27.399,0.0,1.972728,0.0,0.017024944029
79838674,30770153,13.38,0.0,0.96336,0.0,0.00831394398
79838683,30770149,24.328,0.0,1.751616,0.0,0.015116713688
30770151,79838674,13.871,0.0,0.9987119999999999,0.0,0.008619037141000001
30684936,30684935,21.209,8.105617831875268,1.527048001985958,36.152084700372015,0.013178657539
30684936,50134174,658.251,1428.7115365063262,59.14605917521502,217074.20038690444,0.409018082121
2019948685,2019948693,16.03,209.07634317037645,0.970659280496274,677.602643625164,0.00996057713
2019948693,2020003420,726.864,1610.614823833173,132.03077767937293,443683.7620008183,0.451652210544
50134174,213215575,513.675,1428.7115365063262,39.88630504269146,158472.8679307924,0.319182748425
4201284352,30691212,409.611,1098.5748135423185,30.3008583926023,95469.00230796634,0.254520396681
30690709,30684935,656.48,1204.5260237138543,49.14014274292926,168450.7261218886,0.40791763408000004
30690709,50134174,23.705,0.0,1.70676,0.0,0.014729599554999999
30689845,30690709,514.426,1204.5260237138543,60.529280728104524,169050.78360018297,0.319649398046
49823805,213215575,1457.823,1066.2022619139816,145.8299783443675,381204.27333912463,0.905848935333
213215575,4201284352,404.057,1575.3415161896712,32.465972390499395,139362.32578837153,0.251069302147
213215575,30689845,25.577,338.1144415012445,1.848795220263618,1820.8637692221816,0.015892806067
1797707408,30692658,9.4,21.932538730637493,0.6768000471834901,43.35545996012818,0.0058408874000000005
1797707408,2446087811,199.815,729.17609234201,15.612041926730992,31538.15474307818,0.124159246365
1841185986,30691212,26.56,0.0,1.9123199999999998,0.0,0.01650361376
6250350291,30692642,43.386,610.9767368176747,5.222127384718446,7348.602386553526,0.026958802206000002
30820544,5747321714,40.843,670.5578687496866,3.1198264010684698,5877.206227161338,0.025378655753000003
5747321714,5747321720,11.687,1113.7468546246262,1.2315457366559641,3297.550713036532,0.007261962877
31669457,33205423,17.763,0.0,1.278936,0.0,0.011037413073000001
31669457,30784131,94.404,1661.145669047011,9.87717401024613,39547.498536732564,0.058659907883999995
30822874,30822849,2249.037,0.0,161.930664,0.0,1.397486369727
5875536639,30822874,308.156,0.0,22.187231999999998,0.0,0.191479201876
5747321714,5747321712,36.251,695.4775313019485,2.794047087421332,5428.59368651829,0.022525320121
30822849,726624833,1860.19,1535.2057086495245,215.9598333307653,771861.7458049073,1.15586812049
3070074797,245936965,11.384,0.0,0.819648,0.0,0.007073687464
245936965,316825090,200.289,805.4173560516431,25.125883894146238,46070.636256020436,0.124453776219
5875536639,5875536643,48.428,0.0,3.486816,0.0,0.030091754788
5875536643,5875536639,47.545,0.0,3.42324,0.0,0.029543084195000003
4548431292,4548431294,14.937,932.6026836775528,1.3205715199241281,3188.649042718989,0.009281418627
4548431292,514863336,113.934,1162.0061670347577,12.709273944659682,34818.64027857472,0.070795283514
31350671,4548431292,11.693,1162.0061670347577,1.304347606815396,3573.4228656711207,0.0072656911029999995
514876560,31350671,10.647,1645.7884825407443,1.101291083895072,4387.151341942687,0.006615737037
30770153,30770258,36.896,0.0,2.656512,0.0,0.022926104416
79838679,79838669,34.794,0.0,2.505168,0.0,0.021619982574
79838688,79838674,31.404,0.0,2.261088,0.0,0.019513534884
30770153,79838679,11.284,0.0,0.8124480000000001,0.0,0.007011550364
35250123,30770283,4056.417,1161.788549421248,323.72797505654916,1028883.8022535219,2.5205398877069998
30770290,30770283,606.945,0.0,43.70004,0.0,0.37713802159500004
30770258,79838679,35.254,0.0,2.5382879999999997,0.0,0.021905813234
30770283,30770258,999.352,0.0,71.953344,0.0,0.620968351592
30770290,30770298,35.365,45.453042140587606,2.5462832744027457,338.0366760932504,0.021974785415000003
30770304,30770290,35.91,1202.3220286827986,4.2133357015918795,11755.804067026384,0.02231343261
35250123,1380972378,37.649,546.2358954614583,2.783435799481914,4362.224855719294,0.023393996779
1380972379,35250123,35.443,1161.788549421248,3.9525970461307143,10827.543229898645,0.022023252352999997
6321290433,32854682,10.156,0.0,0.52230858,0.0,0.006310643876
33205423,5963916749,12.829,1454.3461081554233,1.1696145812459942,4339.7962130376945,0.007971568559
30770298,30770304,33.388,1202.3220286827986,3.9174283599206277,10930.180623499786,0.020746334948
32854682,30770304,2366.206,0.0,121.69059426,0.0,1.470291788426
5407135851,309656645,146.43,109.19726788485464,10.542988226938746,3362.5536978694404,0.09098735553000001
31358103,100157291,302.08,2099.1546858013694,148.98468987827363,459064.0786973408,0.18770375168
280719227,1352425428,486.751,188.80701387040608,58.41453742995063,25424.02010848115,0.302452955621
309656645,280719227,113.872,188.80701387040608,8.199404056147806,4521.394216408874,0.070756758512
100157291,100157398,59.831,252.8547459410157,4.392718239295794,3201.5296259517954,0.037177248301000006
248079015,152428728,11.721,4588.212052142581,7.8863854759352225,44482.62430870043,0.007283089491000001
57343261,31358103,777.863,2099.1546858013694,120.723744456204,547674.6482711271,0.48334151017300003
567607181,31358103,20.839,0.0,1.500408,0.0,0.012948750269
248079011,31491544,299.103,2094.5614029461253,46.20346086762039,209369.46538939694,0.185853930213
370884309,370883704,38.132,80.50144201248374,2.7455387384818737,645.5382681243651,0.023694118971999998
248079011,248079015,23.091,2151.591354841022,12.397217472512597,37419.46823947137,0.014348077761000002
31491544,370884309,910.238,80.50144201248374,65.5379652323053,15409.458252936802,0.5655954962980001
928259421,31492396,87.029,987.5418266655612,6.620760539122986,18415.461216874577,0.054077296759
928259445,31492396,9.869,0.0,0.7105680000000001,0.0,0.006132310399
370884302,370884309,16.053,0.0,1.155816,0.0,0.009974868663
31492396,928259511,12.312,987.5418266655612,0.936639554144964,2605.2368578538117,0.007650319752
4090512234,31357341,866.447,1396.00364860784,133.76718910073376,404052.31347906654,0.5383850388370001
31357342,31357344,73.658,1396.00364860784,6.502068287282406,23518.76813454202,0.045768945118000004
31357342,31357341,162.775,996.2813378821504,15.198542607206951,38213.6132082769,0.10114366452500001
31357341,4090512234,869.998,996.2813378821504,360.1301694545068,573697.8380760446,0.5405915272580001
31357356,31357357,12.246,3565.381055129688,9.361004954364,37814.858305505826,0.0076093092660000005
31390656,31357356,15.559,2149.6701504289013,1.5707073579992339,8248.6843085441,0.009667911389
122341702,4090512234,466.727,1396.00364860784,41.199745112797764,149024.46570814293,0.290010622717
31357344,31357356,1547.523,1415.7109047007882,246.268886963683,749241.922431969,0.961585914033
1918530791,31390656,11.645,1867.7275998231892,1.445644824952572,6164.6202111174125,0.007235865294999999
1352425428,1918530791,26.438,3892.041686373781,16.880554113817837,83400.91547504028,0.016427806498
31357357,1918530791,15.917,32.002537719041044,1.1460240715386,107.1205201648445,0.009890362207
31357357,1352425430,28.748,3533.3785174106465,35.45039658633743,100632.14068712048,0.017863173508000003
280719227,31357362,12.873,0.0,0.926856,0.0,0.007998908883
31357362,309656645,113.669,665.0063785610981,8.279422797513691,15954.957800626622,0.070630620199
1352425428,1352425430,16.015,0.0,1.1530799999999999,0.0,0.009951256565
1352425430,31357362,488.466,665.0063785610981,62.06968627505837,93643.15774388812,0.303518606886
33206969,59978773,899.255,1454.3461081554233,81.98470342648423,304200.1281124963,0.558770978605
33206969,33017710,14.787,0.0,1.064664,0.0,0.009188212977000001
260683039,31669806,417.724,0.0,30.076127999999997,0.0,0.259561579604
59978773,5653527160,417.113,0.0,30.032135999999998,0.0,0.259181921923
32143951,267247910,248.369,912.403534970611,8.956405917349596,46305.07872161615,0.154329293899
2799872747,32143951,1246.831,912.403534970611,74.83485198642681,229715.4809539714,0.774744625301
33017710,2879837151,1107.947,1661.145669047011,262.7744511432937,853121.3552113401,0.6884461353369999
32143951,32255272,218.058,0.0,7.850088,0.0,0.135494917518
267247910,32144256,291.504,912.403534970611,13.122062268333492,53165.95812431696,0.18113213198400002
32144256,267674154,303.96,2607.4454426227544,38.365238057965975,227359.0728189435,0.18887192915999998
32144414,32255272,94.746,0.0,5.68476,0.0,0.058872416765999996
32255272,267247910,183.008,0.0,10.98048,0.0,0.11371586396800001
39960257,267674154,426.352,0.0,12.790560000000001,0.0,0.264922768592
39960286,1982824184,891.021,0.0,26.730629999999998,0.0,0.553654609791
32144256,1982824184,617.54,0.0,27.789299999999997,0.0,0.38372144733999997
267674154,1959933943,1142.04,2607.4454426227544,34.502747552718354,666974.0119485168,0.70963053684
31532812,31492408,15.953,0.0,1.148616,0.0,0.009912731563
72981490,31492408,546.904,80.50144201248374,39.377586232840954,9258.561339302638,0.339830285384
928259511,928259546,10.778,0.0,0.776016,0.0,0.006697136638
928259511,370884302,249.343,987.5418266655612,18.968852854870722,52761.3364073947,0.154934509253
31524667,297100517,756.919,2899.156244391594,188.80857953458928,1054861.5733872794,0.470327515949
152428728,31524667,23.655,2888.050715732134,37.40156606366139,71181.49315588233,0.014698531005000001
31532812,72981490,546.654,987.5418266655612,50.6373229406095,126652.43462497322,0.339674942634
31524667,248079011,12.687,1543.4147397834697,2.4751586592597,7841.282100473532,0.007883333877
297100517,1591359111,247.515,1487.1228882802725,20.861704160438645,82316.07753852813,0.153798643065
928259421,72981490,669.549,80.50144201248374,48.20764848655315,11334.787827450138,0.416038331679
257818028,248079011,750.121,2702.7380180036776,60.292202040747476,443939.6772698841,0.466103435891
297100517,297101109,500.227,1412.0333561113205,41.011174335181884,155993.6396991308,0.310826551217
59978773,31669806,14.46,1454.3461081554233,1.3183121712383699,4891.531159133605,0.00898502466
31669806,33017710,899.407,1661.145669047011,94.10193895421214,376777.435452174,0.558865426997
2879837151,31669457,30.154,1661.145669047011,7.151696606222928,23218.63892861548,0.018736821134
5963916749,31669457,19.876,0.0,1.431072,0.0,0.012350369996000001
33018536,194539323,561.03,1176.8519600786597,63.73841594763667,175812.52609741242,0.34860777213
253029510,33018536,275.803,0.0695872709744257,19.857816,4.036043336879621,0.171375985913
482728288,2879837151,16.243,0.0,1.169496,0.0,0.010092929152999999
33018536,194539308,13.589,1006.562497373049,1.280999755783662,3240.328973935598,0.008443810519
194539323,194539308,568.151,1163.4587999325763,63.48949694590544,174054.11095728265,0.353032555021
35250225,194539323,4134.628,1163.4587999325763,462.0346558898164,1266650.9443424153,2.569137934988
715195279,33018536,9.193,2183.344870180733,5.193513359056212,15462.600925687919,0.005712263603
194539308,715195277,9.403,2170.021297305625,5.200041456643812,15572.993223086301,0.005842751513
418751693,1387922661,242.951,379.5410867952546,17.601832500605717,19429.402171782443,0.150962705821
33205354,33205353,14.268,0.0,1.027296,0.0,0.008865721428
418751693,33205349,14.285,0.0,1.02852,0.0,0.008876284735
1211868056,33205349,241.015,568.9626743320074,17.90096043127831,29133.108379674108,0.149759731565
33205354,33211746,1010.996,379.5410867952546,72.88160506733273,80724.10095912556,0.628203595516
1387922662,33205354,87.856,379.5410867952546,6.365178970957992,7026.06516212783,0.054591170576
33205353,1387922657,91.308,568.9626743320074,6.781739290331141,11037.013712554339,0.05673614326800001
33211748,33205353,1008.239,568.9626743320074,73.04593893705945,120872.39032298634,0.6264904756690001
32255255,32255254,12.304,0.0,0.885888,0.0,0.007645348784
2684927907,32255254,827.314,0.0,59.566608,0.0,0.514068927494
1615765292,32144393,178.999,0.0,10.739939999999999,0.0,0.111224787629
206187755,32144393,201.799,0.0,9.080955,0.0,0.125392046429
32255255,1615765292,46.526,0.0,2.79156,0.0,0.028909907146000002
2684927907,2684927896,57.366,0.0,4.130352,0.0,0.035645568786000004
32255254,1234120250,834.942,0.0,60.115824,0.0,0.5188087454820001
206187755,32255254,304.572,0.0,18.27432,0.0,0.189252208212
1615765305,1615765292,55.526,0.0,3.997872,0.0,0.034502246146000004
274728550,274725466,12.259,0.0,0.882648,0.0,0.007617387089000001
2684927896,2684927907,57.97,0.0,4.17384,0.0,0.03602087687
1659650274,1234120250,2175.791,0.0,111.89782284,0.0,1.3519734294610002
1434044682,6321290433,21.87,0.0,1.12474284,0.0,0.013589383770000001
482728288,33206969,1111.427,1454.3461081554233,187.88230454434205,579351.6926176304,0.690608506417
274725466,1375175777,1813.636,413.4663900775252,131.73157951443076,158133.8149336831,1.126940814956
6321290433,1434044684,21.023,1808.7551380623693,1.7885420865444601,8541.166987699768,0.013063082533
64660869,1744136336,397.848,54.76201817069896,20.46080969876337,4348.296570796966,0.247211209608
335376891,1744136336,405.773,0.0,20.86832574,0.0,0.252135574783
1744136336,33965040,2595.036,0.0,186.842592,0.0,1.6124801143560001
866613841,2621152972,1440.286,1607.2699789731305,144.8862155802528,569680.1821444766,0.8949519521060001
34967076,34967067,13.959,0.0,1.005048,0.0,0.008673717789
34967067,1513330707,179.162,1023.0231193432884,17.156572417737724,43809.07523795622,0.111326071102
4482781015,4482781014,15.673,0.0,1.1284560000000001,0.0,0.009738747683000001
4482781014,34967077,207.608,896.8743065742233,17.861691988785594,42048.90182073222,0.129001590568
34967077,1513330707,14.345,0.0,1.03284,0.0,0.008913566995
1513330707,4482781015,207.027,1023.0231193432884,19.824927819107778,50622.68460548756,0.128640574017
34967085,34967067,625.206,1023.0231193432884,59.86979390163165,152876.70763455256,0.388484877426
34967077,34967076,178.967,896.8743065742233,15.397544555879309,36247.956784666225,0.11120490375700001
5072122141,35115738,139.044,1168.972384991774,15.64333951093296,42994.583431567684,0.086397909324
1190672713,5072122142,138.93,1070.1836309959197,13.956042359963952,36557.383913316175,0.08632707303
1190672713,35115738,11.365,0.0,0.81828,0.0,0.007061881415
35115738,1742703651,255.438,1168.972384991774,28.73840912224687,78985.43196824593,0.158721765498
33211748,33211746,14.415,0.0,1.0378800000000001,0.0,0.008957062965
33211746,253327929,442.675,379.5410867952546,32.0718630596525,35401.83249459271,0.275065407425
1387922662,1387922657,13.789,0.0,0.992808,0.0,0.008568084719
1387922657,1387922659,138.026,568.9626743320074,10.251635642958401,16684.133424114247,0.085765353646
253327928,253327929,11.123,0.0,0.800856,0.0,0.006911509632999999
253327929,33236393,60.352,379.5410867952546,4.372510485968593,4826.501145792415,0.037500982592
5963916749,482728288,22.905,1454.3461081554233,2.088239300291484,7748.307136926371,0.014232502755000001
253327928,33211748,443.637,568.9626743320074,32.95034907724008,53625.3959389809,0.275663166327
1274861012,1274860919,426.974,0.0,30.742127999999997,0.0,0.265309261354
1274860919,1274861012,435.9,0.0,31.3848,0.0,0.2708556189
33236393,253327928,60.005,568.9626743320074,4.456764644021556,7253.209004926436,0.037285366855
1274861012,33236393,454.837,568.9626743320074,32.774732995988074,54434.77911439395,0.282622521527
33484095,313521560,13.817,1447.2945169516,2.3098914729615903,7105.773035826437,0.008585483107
2621152972,33965040,2122.895,0.0,152.84843999999998,0.0,1.319105389045
33484092,313521560,97.947,1865.163860642908,12.131446775000905,51693.79552637453,0.060861425337
33484095,33484092,96.643,1724.5269423001714,25.50031189786434,83356.28030487691,0.060051157553
36311517,36311518,205.837,0.0,6.17511,0.0,0.127901142527
36311518,36311553,3095.709,1614.969612112305,114.90967169674795,1016187.7846738503,1.923583797039
35250225,1380972379,282.367,1161.788549421248,31.489517538718296,86260.78207817605,0.175454665157
715195279,253029510,275.746,46.31985114812284,19.85373953496018,2685.9850723619447,0.17134056776599998
1652675106,38918157,463.244,390.7951600911369,33.39986449190144,38086.82916853133,0.28784638752400005
57343487,38918157,20.324,0.0,1.463328,0.0,0.012628744204000002
279829852,279829876,273.772,847.8346650793377,14.333495733536777,46348.248319182225,0.170113981412
279829852,50735072,616.985,1125.5328812684238,19.54581277848442,149369.16194972792,0.383376586435
1652675106,1652675109,63.141,1275.0226083449168,8.165993956669098,23510.723252561234,0.039233986311
294838085,1652675106,63.697,390.7951600911369,4.618411179307272,5246.3457441061655,0.039579468587000004
38918157,301292612,691.988,916.9238589570666,60.43369509581031,144345.5993257159,0.42998127554800003
2169462573,38918157,537.91,2191.946467301982,91.93678881962155,426230.9414712163,0.33424167461
301292612,1560223815,20.888,916.9238589570666,1.824220973718162,4357.1433012068865,0.012979197448000001
56231397,301292612,10.867,0.0,0.782424,0.0,0.006752438657000001
57343487,1652675105,534.853,1285.8904103304385,70.23114696300571,203121.69998657596,0.33234214346299995
56231397,57343487,698.878,895.0952502393017,60.05083261220137,141181.65856167552,0.434262521738
1742703651,1518864800,735.702,1168.972384991774,58.85708968524382,187950.30547758017,0.457143887442
35115747,35115741,12.173,0.0,0.876456,0.0,0.007563949183
1742703650,1190672713,254.49,1070.1836309959197,25.564480099238647,66965.29642337743,0.15813270579000002
1742703650,1742703651,13.814,0.0,0.9946079999999999,0.0,0.008583618994
35115747,1190672719,176.403,1070.1836309959197,17.720346508491474,46417.85211589079,0.10961170851299999
575758637,35115747,34.544,1070.1836309959197,3.4700750542186323,9089.744978777748,0.021464639823999997
35115741,1190672718,34.53,1168.972384991774,3.8848458999490436,10677.217038434108,0.02145594063
1190672717,35115741,175.137,1168.972384991774,19.70403290991532,54155.10456009947,0.108825052827
1190672717,1190672719,11.257,0.0,0.810504,0.0,0.006994773347
1190672719,35115769,129.888,1070.1836309959197,13.047739365514985,34178.11474651127,0.080708636448
575758637,1190672718,11.712,0.0,0.843264,0.0,0.007277497152
1190672718,5072122141,33.132,1168.972384991774,3.7275619564758657,10244.93353366344,0.020587263972
1380972378,35250225,456.631,546.2358954614583,33.75927840190253,52907.83548280049,0.283737261101
1380972379,1380972378,19.463,0.0,1.4013360000000001,0.0,0.012093743773000001
35115769,35115766,11.301,0.0,0.8136720000000001,0.0,0.007022113671
35115766,1190672717,130.256,1168.972384991774,14.654633291160234,40277.196135484315,0.080937300976
345382848,49823805,612.748,0.0,44.117856,0.0,0.38074383750800006
50735072,249171219,1382.832,2456.991947960214,161.52991297034816,922240.523624079,0.8592517026720001
64660869,267924279,193.99999999999997,0.0,11.64,0.0,0.12054597399999999
267924279,49395257,136.641,0.0,8.19846,0.0,0.084904754811
51414522,51414512,125.646,2152.809775279359,12.705474199306256,66777.75280361493,0.078072780666
2866993683,51414512,13.345,2331.3537208243183,1.4953279164639781,8207.159002285158,0.008292195995000001
279829276,50735072,242.079,2602.2927905118827,37.76143148546841,212125.69823346485,0.150420870309
50842812,59209349,563.794,0.0,33.82764,0.0,0.35032524157399997
73729228,52645620,9.492,0.0,0.683424,0.0,0.005898053532000001
339213073,52645620,368.367,0.0,26.522424,0.0,0.228892571157
51414522,4363544518,278.965,2331.3537208243183,55.39761515376985,263995.2132822544,0.17334076101499998
4363544518,51414522,278.018,2152.809775279359,149.55677711064124,451188.7070324869,0.17275232267799998
53433357,560570589,40.13,0.0,2.88936,0.0,0.02493561823
560570589,53433357,29.337,0.0,2.1122639999999997,0.0,0.018229161027
73729228,261690348,364.181,0.0,26.221032,0.0,0.226291512151
6250350292,3713107191,26.474,171.12290544155985,1.9066204461622742,952.7738697920884,0.016450175854
39933927,335376891,212.331,0.0,12.73986,0.0,0.13193632580099998
39933921,1313885463,2172.555,0.0,65.17665,0.0,1.3499626729049998
335376891,39933917,8.09,1.526860756505068,0.416057160000132,2.4653038968230843,0.00502689139
39933917,39933921,243.684,0.0,14.62104,0.0,0.151418170764
39960257,206187755,334.574,0.0,15.05583,0.0,0.207894580954
147928154,39960286,1053.72,0.0,31.6116,0.0,0.65475105012
39933927,39933921,160.026,0.0,11.521872,0.0,0.099435515646
1313885463,866613611,712.282,520.5122996392441,21.36921612101182,83672.96690771908,0.44259137862200004
1434044684,48032421,286.583,1808.7551380623693,24.381189972324204,116432.1580571737,0.17807436529300003
59209366,50844540,482.145,0.0,28.9287,0.0,0.299590920795
754121736,39960286,527.314,0.0,23.729129999999998,0.0,0.32765762749399996
48032421,59209366,429.181,1808.7551380623693,31.060467927469375,163512.89751518736,0.266680627151
49395182,49395257,171.191,0.0,12.325752,0.0,0.10637312286100001
1313885545,49395182,3010.523,54.76201817069896,90.31569198216643,37208.38061335284,1.870651687033
59209366,59209349,1425.348,1808.7551380623693,52.652826885266094,524439.0154640403,0.885669912108
49395182,267924279,113.378,54.76201817069896,13.60536477756862,1717.5298802630289,0.070449801238
2019487327,29858549,1873.758,371.2996239682592,135.06317550072012,146358.80506941033,1.164298882218
4364286057,29858549,60.77,6.742845713057032,4.37544000019698,86.17067379009688,0.03776071567
29858561,29858549,13.76,1049.507574334038,1.3528523760137219,3505.2230027555647,0.00855006496
29858549,29858555,342.633,1319.8451342872415,32.92329777546741,108303.16005393806,0.21290220984299998
29858555,29858565,10.811,1396.9335938127963,5.006149843215114,10599.400506169364,0.006717641881
29858555,5071463760,64.91,14.191300567839509,4.673520334386792,193.7139278684527,0.04033319161
29858561,4364286058,61.011,49.067239208279965,4.392794807394006,629.5451508087754,0.037910466081
29858565,29858561,344.367,1098.5748135423185,25.580933144392546,80376.97698249284,0.213979667157
29858598,29858565,35.873,1098.5748135423185,2.997633302536302,8778.244878060212,0.022290441882999997
29858567,29858565,48.069,0.0,3.460968,0.0,0.029868682599000003
66376082,2019487327,574.322,1042.462507905399,42.27075202039808,126804.71361553406,0.356867035462
29858589,2019487327,839.619,0.0,60.452568,0.0,0.521714897649
4364286058,29858584,913.424,49.067239208279965,65.76653630238,9425.211152173291,0.567575184304
4364286057,4364286058,13.1,0.0,0.9432,0.0,0.0081399601
29858567,5071463760,17.487,0.0,1.259064,0.0,0.010865914676999999
79358794,5071463760,1068.407,0.0,76.925304,0.0,0.663877125997
29858458,66376479,1414.407,0.0,101.83730399999999,0.0,0.878871491997
29858472,29858458,15.446,0.0,1.1121120000000002,0.0,0.009597696466
345382848,345383999,1268.183,1737.709145474623,140.8578286400798,577900.2038743624,0.788012138893
29858458,79391356,10.6,6.742845713057032,0.763200000034356,15.030593091575234,0.0065865326
79391356,29858575,672.874,6.742845713057032,48.446928011041685,954.122197781044,0.41810439025400004
66376082,79391356,1411.537,0.0,101.630664,0.0,0.8770881572270001
3548916461,29858458,19.161,6.742845713057032,1.37959200001965,27.16992398348128,0.011906089731000002
79391356,79391357,15.905,0.0,1.14516,0.0,0.009882905755
29858470,312370975,51.578,3018.1570442067105,8.687286769448862,55637.47518668657,0.032049073438
345384098,29858470,14.107,3018.1570442067105,2.3760431667884583,15217.2992837758,0.008765680696999999
66376082,66376479,10.462,1239.4158536011591,1.288801041297942,3654.8318567510296,0.006500783402
29885024,66376479,845.754,1042.462507905399,65.17412682036323,189826.7158770751,0.525527008734
3548916467,345384098,393.82,49.067239208279965,28.355041132590753,4063.651224158161,0.24470832722
3548916461,3548916467,15.555,0.0,1.1199599999999998,0.0,0.009665425905
29858472,3548916467,19.434,49.067239208279965,1.39924817664135,200.53069935904438,0.012075724014
79391357,29858472,10.772,49.067239208279965,0.775584097909878,111.15141985672646,0.006693408412000001
31532420,29881317,1438.932,1498.4398805182154,95.81530177839859,443833.6271017325,0.894110615772
29881699,29881660,465.681,1010.7999321548798,35.612039867549385,101054.39830193676,0.289360668651
30691212,30691229,97.186,1098.5748135423185,7.603938127828728,23123.157371624984,0.060388562006000006
29881317,29881699,161.475,1010.7999321548798,15.282760141010622,38753.237796153815,0.10033588222499999
31532812,31532419,5206.22,1498.4398805182154,944.2071414592585,2953017.407201905,3.2349941276200003
29881673,29881660,10.691,0.0,0.769752,0.0,0.0066430773610000006
2453091767,29881699,37.024,0.0,2.6657279999999997,0.0,0.023005639904
31532420,31532419,11.21,0.0,0.8071200000000001,0.0,0.006965568910000001
29881673,2453091767,432.318,1253.522133979208,54.2815319405197,154867.764316392,0.268629867978
29885034,29881673,3586.574,1253.522133979208,296.1778772741065,996088.7520560725,2.228593072954
29881660,29885021,3596.041,1010.7999321548798,275.0001727735127,780353.4168757044,2.234475592211
295693484,29881660,187.66,0.0,13.51152,0.0,0.11660648186
295693484,339213073,996.191,0.0,71.725752,0.0,0.619004197861
261690348,295693484,993.221,0.0,71.51191200000001,0.0,0.617158725991
29885021,29885022,28.425,1045.202799006806,2.09259274794084,6292.944938835002,0.017662470675
29885034,29885021,16.524,34.402866851925964,0.99144003024657,114.78514143288339,0.010267534404
29858575,4364391852,24.084,6.742845713057032,1.734048001079958,34.15064189461382,0.014965099164
29858575,29858589,194.126,0.0,13.977072,0.0,0.120624266746
29858567,29858598,60.128,14.191300567839509,4.329216052902006,179.44277982997605,0.037361795488
30691229,29858598,2876.065,1098.5748135423185,297.94737718107086,791823.6523372496,1.787103385115
4364391852,29858584,157.977,0.0,11.374344,0.0,0.098162326467
29858589,4364391852,193.158,0.0,13.907376000000001,0.0,0.120022779618
29858583,29858575,158.387,0.0,11.403864,0.0,0.098417088577
4364391852,29858582,185.237,6.742845713057032,22.22844000506615,345.51500905689846,0.115100899927
29858583,79391357,595.67,49.067239208279965,42.88824541422022,6146.450637398475,0.37013206357
29858584,29858583,22.49,49.067239208279965,1.619325246244794,232.06620671150543,0.01397463379
343390351,29858582,10.772,0.0,1.29264,0.0,0.006693408412000001
343390351,4364286057,793.919,6.742845713057032,57.162168002573424,1125.761644968899,0.493318242949
29858585,29858586,24.938,0.0,1.795536,0.0,0.015495749998
30691229,1841185986,93.668,1411.124894380636,7.2476426256335635,28502.829424894695,0.05820257882800001
29858585,29858583,308.319,0.0,22.198968,0.0,0.19158048534900002
29858584,29858586,308.786,0.0,22.232592,0.0,0.191870665606
598605518,29885309,1075.18,0.7025956061010463,77.41296000000114,158.85966293033727,0.66808567178
2415800659,29904657,14.978,0.0,1.078416,0.0,0.009306894838
61693468,59955480,1094.962,0.0,78.837264,0.0,0.680377632902
29885062,1259597830,70.399,9.153109165238323,4.223940003268799,130.11009176726952,0.043743897029
29905180,1941155071,171.325,0.0,5.13975,0.0,0.10645638657499999
268019881,29905180,1622.856,1522.0269494188606,48.72553013162603,556962.2956087809,1.008395655576
29905180,29904657,234.309,0.0,14.058539999999999,0.0,0.145592817639
2415800659,1941155071,215.094,0.0,12.90564,0.0,0.133653173874
1929624605,1807917065,14.669,628.2480139082713,1.10573944938339,1968.0917728083894,0.009114891199
2741636994,29986612,143.649,2683.360013278832,20.440022207652042,120937.70125972515,0.089259322779
29962151,1929624605,14.485,1071.4226967950924,1.456984959223302,3818.9803977353686,0.009000558935
1807917065,29962151,13.601,0.0,0.979272,0.0,0.008451266971
270546177,30096731,981.718,1268.8651758049496,125.8857551697657,361501.27263239765,0.610011095378
301571470,270546177,127.552,1866.801857370613,9.95232371996735,51514.268832331945,0.07925711379200001
30051645,270546177,13.206,1294.3270502869973,1.1096460710061602,3817.0837046861343,0.008205825425999999
30051645,301571464,129.751,2425.273631022542,16.38117614225184,90288.90979600698,0.080623508621
370884302,31491543,937.621,987.5418266655612,68.7177388619695,195834.53315360058,0.582610498391
29885022,29885035,20.436,2.740291101406628,1.2261600000015,11.307548140580021,0.012698337756000001
31491543,248079015,299.358,2436.6206973015605,35.86013809433155,201528.27661522586,0.186012379818
31491544,31491543,24.467,2014.0599609336416,10.4948945944122,33245.02398138931,0.015203084257
29885035,29885063,478.752,8.397924849615345,34.470144001181424,845.4922191150328,0.297482608992
29885024,29885035,172.772,1239.4158536011591,12.99233326937445,45691.24514696583,0.10735551041199999
29885022,29885024,162.782,1042.462507905399,15.890483697004512,41015.395439724256,0.101148014122
29885035,29885034,26.238,1233.75821985295,2.1496268898737583,7146.978559587802,0.016303532298
29885047,29885063,24.994,4.518764371381299,1.799568000044652,23.7510323597326,0.015530546774
29885046,29885047,25.74,101.177263441676,1.544417843816364,525.8574228205778,0.01599408954
29885047,29885034,470.527,54.16678097818405,28.231621674727542,5146.280228043981,0.292371832517
29885063,29885062,25.988,8.397924849615345,1.559280000855078,44.06773133501723,0.016148189548
29885309,29885047,1266.673,0.7025956061010463,91.20045600000132,187.1530774595501,0.787073868683
29885309,61693468,24.518,0.0,1.765296,0.0,0.015234774178000001
29885046,61693468,1248.891,0.0,89.920152,0.0,0.776024649561
29885062,29885046,22.131,95.40574836601682,1.593439856711082,444.0207646321103,0.013751561601
30099357,30099354,48.797,1744.5550615357124,13.318177665306973,43585.05227683322,0.030321040687
30099373,30099366,12.671,1182.9215032907032,1.45050892024434,4012.045053583742,0.007873391941
2230162970,2230162968,10.781,0.0,0.7762319999999999,0.0,0.006699000751
30099354,30099373,49.986,1995.7091271088093,6.996644306361258,30909.961570047984,0.031059850806
30099355,30099366,57.793,780.2887003159668,4.625828581733256,9857.302449559516,0.035910894203
30099366,30099368,14.583,1963.2102036066703,5.749141031432796,18446.439564004955,0.009061453293
30099373,30099355,58.541,831.3846940071464,4.8216531905127304,10770.645800724178,0.036375679710999996
30099357,30099373,13.769,18.597070189039037,0.9913680357262199,53.84854400495475,0.008555657299
30099368,30099374,44.879,1492.4726463059756,8.061601332856434,25166.63332363667,0.027886509109
30135002,30099374,492.854,1292.4145744240568,37.34977298464391,136292.16471272334,0.306245182834
30099368,30099357,12.204,470.7375573006947,0.89168742695085,1213.8068843893775,0.007583211684
30099374,30099357,46.05,1292.4145744240568,3.8661269666410623,13285.509911591129,0.02861413455
274728550,32351093,92.644,1099.7194818286407,9.609719907908334,25553.319074356576,0.057566294924000005
6053028362,271188390,640.174,1588.9844187199562,63.579642804877444,248398.15486147397,0.397785558554
32351093,30135002,772.342,1099.7194818286407,57.140148526182045,180205.9612539205,0.479910920882
32351093,274725466,94.998,413.4663900775252,6.900081709180836,8283.027107462594,0.05902900225800001
254469747,75441602,1130.12,1469.2342382095107,67.56833944835209,335107.55166739697,0.7022237945199999
36311517,254469747,636.038,0.0,32.71052574,0.0,0.395215568098
301571470,301571464,12.578,0.0,0.905616,0.0,0.007815604438
30063361,254469747,350.021,1469.2342382095107,20.927280054397656,103789.58016630913,0.217492898791
2136873892,36311518,205.873,1614.969612112305,15.283606334590615,70623.95041161521,0.127923511883
75441664,30063393,1626.287,1306.161389716252,92.13001456994047,426156.07094472914,1.0105275794770001
30063383,2136873892,69.075,1306.161389716252,4.170801518279568,18233.794255252487,0.042921201825000005
30063393,30063383,289.163,1306.161389716252,21.237315182724238,79937.30831917476,0.17967750247300002
30096722,30099375,77.878,1995.7091271088093,32.40570916746063,103162.65511196275,0.048391130738
2230162970,30096722,23.085,803.3523792251917,1.870694315543496,4075.031791082207,0.014344349535
30096725,30096722,10.729,1216.593111845556,1.282343688876474,3600.567638939108,0.006666689458999999
30096731,30096722,2330.244,1192.3567478836185,269.9497962748576,749851.8896378812,1.4479460445240002
30099354,30099375,366.901,1744.5550615357124,100.13838358052325,327712.7541738711,0.227981641271
2230162968,2230162964,47.73,527.9619496901564,3.51700675703535,5339.250559748653,0.029658037829999997
30096725,2230162968,23.301,527.9619496901564,1.7169447820171921,2606.5341984643514,0.014478565671
30099375,30096725,78.928,1744.5550615357124,21.54183918616613,70497.7971208454,0.049043570288
1849718416,1821788428,55.223,1562.235033432527,4.422012106928466,18861.28980162264,0.034313970733
1821788436,1821788428,6.909,888.6735500625397,0.5909219985715679,1382.6158214572397,0.004293052239
30429541,1821788428,38.534,1142.9380175641788,5.494066055855538,13839.196493655043,0.023943910114
30429541,1849718416,43.299,727.4425581074629,3.38054226199779,6815.931058255898,0.026904742929
268265033,30429683,15.852,902.9703362167966,1.369948412302572,3239.5216515776006,0.009849973092000001
1821765888,1859820009,11.222,1433.1261774753596,6.820506244574052,12778.597740507274,0.006973025362
277865232,1849718416,1479.81,1552.6673326673504,293.10962729764344,930825.9004838826,0.91951101951
30429683,1821765888,36.349,1677.6407096850369,8.863026227777526,28838.968978182387,0.022586214479
30432015,30429689,621.044,913.9024930635724,195.0807406076004,319033.87209909846,0.385898731324
270921851,30429689,12.823,579.2183428869097,1.424195713832838,1947.6593958294536,0.007967840333000001
1821765992,1821765888,77.58,808.4139488897625,5.848795098312378,13394.310412566148,0.04820596218
30429689,268265033,58.581,1493.1208359504828,105.27408669944737,93147.68174085292,0.036400534551
245933537,30431693,1742.964,1532.3793063006667,201.78598148308973,720492.1625010098,1.083027283644
1821765992,270921851,80.919,1524.498252694594,157.52590391086764,133007.2085205962,0.050280719949
1821765992,30431693,453.759,2342.705657085919,141.16943695255395,593846.2242218263,0.281952683589
30557404,30431693,1912.441,1204.8354237565509,225.1146985186035,628803.8329997343,1.188335376611
30429499,1821788586,15.461,780.6091587765112,1.8423486925716541,3322.0879202735473,0.009607017031
30429499,30429504,355.324,880.2574827765842,99.62735637323472,163112.03933031025,0.220788029204
449284430,30738020,10.92,0.0,0.7862399999999999,0.0,0.00678537132
30738020,30738019,123.025,1866.642229231488,41.257749381441116,134511.7014504235,0.076444167275
1821788586,30429541,246.555,1870.3805756716408,69.50850269242241,241380.37114312075,0.153202126905
30429525,1821788586,366.157,988.0519993108812,147.48254488264982,235901.32606205554,0.227519341247
1821765888,30429499,923.295,1052.9284810994404,210.61729814588733,437964.9012335702,0.573708737445
1821890631,30429499,19.438,607.9381604536555,2.321079397262568,3257.539524345796,0.012078209498
30429514,30429515,209.298,880.2574827765842,17.795360218836407,41370.712507394666,0.130051707558
30429514,30429517,11.719,0.0,0.8437680000000001,0.0,0.007281846749
30429504,30429514,165.184,880.2574827765842,14.044609993350505,32650.955932791967,0.102640547264
30429525,30429504,10.875,0.0,0.783,0.0,0.006757409625
30429681,30429683,523.791,774.67037346824,103.18447057207769,163699.57917309186,0.325468537461
268265033,30429681,521.508,590.1504997336858,59.503841116457096,82194.83248075227,0.32404994746800003
30429681,30429515,269.007,590.1504997336858,20.07632152187679,33783.79120414893,0.167153148597
30429517,30429525,166.923,988.0519993108812,15.469432467378503,38703.56841937414,0.103721111433
5747321720,30433744,11.121,1731.871703612385,2.970979755654756,9716.29457400622,0.006910266891
5747321715,5747321714,10.551,1138.6665171768884,1.144428916344834,3101.249691059595,0.006556085421
30433744,5747321715,11.784,43.94010191202078,0.848448952891788,108.88823950919098,0.007322235864000001
30433744,5747322824,35.574,1831.208849293075,11.238752137691094,36751.96805998072,0.022104651954
95760121,260752309,436.025,143.27724759271007,31.397785904801335,13138.11010086127,0.270933290275
30435812,30435793,11.971,0.0,0.861912,0.0,0.007438432241
5747321715,30820544,44.63,347.70062406073924,3.2275099654270982,3267.8366772139925,0.027731787730000002
5747322824,5747321715,35.927,1442.427039325607,5.960416996787922,18305.12655858331,0.022323995917
30435812,294036283,96.313,329.87787702494023,6.959276261495838,6688.851924707487,0.059846105123
30436163,30436160,217.752,371.5670184531536,15.768180249124056,17045.557666161272,0.135304777992
30435793,6874997890,64.715,4.07002761211175,4.659480000385212,55.38974185792388,0.040212024265
30436163,30435812,360.8,269.4780785104176,26.018873082737766,20456.58632539498,0.2241906568
30436160,6469357849,367.644,599.0392064246123,27.49733167760776,46902.32407436548,0.22844331992400002
30437211,30437187,407.352,1640.6197532379556,52.75708052946075,195374.0365914282,0.253116719592
30436159,30436163,214.03,269.4780785104176,15.434643586192804,12135.042048847792,0.13299203513
30436160,30436159,49.457,208.80565059838725,3.562943404479732,2172.075316343155,0.030731145547000002
245933537,3356007894,226.204,1748.2167787877777,33.05966495992045,126636.45392772478,0.140556605684
316825090,245933537,224.678,1532.3793063006667,173.52958128978122,299238.0082070095,0.139608393538
1859820009,1821765992,70.24,2696.3095935804104,34.528103010325744,136890.09375657805,0.043645099039999996
30554089,30557404,53.471,1204.8354237565509,71.59504997708163,64981.51488840587,0.033225328740999996
30433674,30432643,983.647,1831.208849293075,310.75967909100564,1016218.6744896795,0.611209720037
30433674,736589409,84.778,1442.427039325607,14.064971529871308,43195.14625166522,0.052678590638000004
30432643,30432015,1887.123,913.9024930635724,164.42944080679035,391899.3473993074,1.172603505633
270921851,30432015,614.782,945.2799098076838,214.63286248190352,348864.3018928021,0.382007706122
30433742,30435420,87.202,446.52327736674175,6.353742550904569,8219.501108463162,0.054184793942
295190996,30433742,622.262,446.52327736674175,44.83640193539925,58444.83888676631,0.38665556120199995
736589409,30433674,83.709,1831.208849293075,26.445850978073423,86480.87070143718,0.052014345039
5747322824,736589409,797.62,1831.208849293075,251.9889098798328,824031.7300275994,0.49561793702
295190996,30433744,38.447,143.27724759271007,2.76853546168659,1158.4677920940626,0.023889850837
5747321720,295190996,38.702,446.52327736674175,2.8199186280717,3647.9797699564388,0.024048300442
260752309,30433742,103.06,143.27724759271007,7.421262118797834,3105.3577822252455,0.06403849526000001
30435420,260752309,11.935,0.0,0.85932,0.0,0.0074160628850000005
30558114,30558152,30.686,468.7662010793871,2.723663002898052,3299.2690525264184,0.019067390506
30558114,30558115,32.166,245.07733359638985,2.318469191493048,1658.3455470008328,0.019987019585999997
751736664,751736687,17.025,0.0,1.2258,0.0,0.010578841274999999
751736687,30558114,104.518,248.53133422983373,7.533946123483811,5464.564885323433,0.064944454178
30558115,80007282,808.166,951.1695757714912,72.53752534657329,177330.86436948186,0.502170915586
30558115,30558120,19.834,0.0,1.428048,0.0,0.012324272414
30558121,30558114,25.88,465.3122004459431,2.2844438889882177,2754.28583628757,0.01608108148
30558152,30558115,44.518,706.0922421751019,7.045974893660496,10704.618716479285,0.027662194178
30558120,30558121,26.179,894.1270818021695,2.247846240748932,5280.962730633742,0.016266871409
4464573448,30558119,391.717,842.2581588546001,29.048309232040342,70055.46730371377,0.243401584007
1910114874,80007282,337.28,894.1270818021695,28.960372056984642,68037.85896283854,0.20957601088
80007282,30558120,802.165,894.1270818021695,68.87748117614767,161816.8558317285,0.498442068215
30624619,30624409,861.556,917.421279025313,62.859488889472104,166923.4223553644,0.535345913276
1549537397,30624405,1346.443,1385.087131202061,104.71459429235634,402951.4705393713,0.836640633353
260767421,4464573448,44.925,1171.905594172736,32.64393397467297,44797.443861975844,0.027915092175
30558121,751736664,118.404,428.8148813562269,9.91463218783098,11320.333512321351,0.073572811884
6469357845,279861310,109.214,71.72380452780365,7.863420384348413,1647.2855005597066,0.067862412394
746585461,675503714,344.461,961.0686477220344,31.175958892590685,76704.13295511497,0.214038076031
6469357845,30437187,1177.43,0.2206907414226607,84.77496000000005,54.64447286324161,0.7316208565300001
746585461,30437211,1508.725,1270.545070770182,113.95856585036137,409667.90836956573,0.937477961975
3393883724,76620746,266.196,902.4944270441993,19.4055352209247,50721.577009257606,0.165406474716
4523973581,76620746,84.029,99.55821943891053,6.050123373599418,1759.2766562781244,0.052213183759
675503714,746585461,345.068,1270.545070770182,44.35104783816789,127451.29451099993,0.21441524822799998
4523973581,76621139,26.584,589.9663443513452,1.9839091754502183,3337.512721779662,0.016518526664
30558166,260767421,50.006,1223.3291972202094,42.47110635473661,54841.632219946856,0.031072278226000002
30558123,30558111,17.329,194.23173653202983,1.24822300875006,707.9115372950415,0.010767738059
30558166,30554089,163.221,1842.981108901768,52.59947769556133,171863.88900471223,0.101420795991
4464573448,30558166,11.183,1842.981108901768,3.603825237374244,11775.162943124322,0.006948791893
30558123,30558119,54.822,671.075514729032,4.188367203428736,7895.3603754281285,0.034064800962
751736664,30558123,97.209,428.8148813562269,8.139855751046095,9293.928417952486,0.060402853539000004
30558111,751736687,95.105,248.53133422983373,6.855431084348418,4972.4204770344395,0.059095488955000004
30558119,30558111,56.187,842.2581588546001,13.85940278678919,22567.108318614573,0.034912972377
654574349,1546020576,800.721,1537.064471525502,154.60377674393933,488946.2170312842,0.497544808491
3713107191,6250350293,17.751,158.06740116033882,1.2783123801971938,590.089268693434,0.011029956621
30692642,30625223,1539.009,769.0441379780133,297.64992112745233,470801.26091446227,0.9562955613390001
30684926,30684936,15.025,1436.8171543382016,2.470879524499602,7573.65663239707,0.009336099275
30683581,30683642,31.219,2500.8051764236816,23.946263409583672,67697.13581517074,0.019398581249000003
30683616,30683581,21.189,554.4036046682113,1.569031142877258,2493.139783338787,0.013166230119
30692642,6250350293,13.669,0.0,0.9841679999999999,0.0,0.008493520199
6250350293,6250350292,26.686,806.5131556797816,5.8402172640206285,9402.326714759925,0.016581906506
30683642,2019948693,123.276,2051.3770758100754,15.191644995021056,71297.0162401865,0.076600131396
30683616,91404479,540.779,1842.107677495782,145.01222164694786,503854.4889357829,0.33602438800900003
91401146,30683581,578.881,1946.4015717554717,52.943770958856504,262523.02133026,0.359699865851
30683642,30683644,22.301,449.42810061360814,1.6254085774042681,2115.939929359108,0.013857194670999998
30683644,30683665,905.861,1447.4964981080625,151.4877138085532,466044.14372797706,0.562875755431
2019948685,30683644,124.682,2386.1085112645155,12.047277423374233,71478.7696302809,0.077473779022
30683644,30683616,30.61,1388.040113770062,3.890582616445074,12250.64246164684,0.01902016631
91404479,343275482,61.733,914.2396083257722,4.483599832359108,11901.510370164802,0.038359095943
30684935,30624619,898.212,917.421279025313,78.47385758846583,187500.22531943975,0.558122888652
30684925,30684926,21.295,646.342044108848,1.613858346281112,2945.081991741834,0.013232095445000001
91414324,1549537397,131.491,1385.087131202061,70.93592365285008,137470.7561103732,0.08170469416100001
30624619,30684925,888.661,710.0886439679465,68.8846856537717,136169.8167324857,0.552188174231
30625206,30625235,21.936,1353.2699878970748,27.113567135715265,29424.601932010013,0.013630394256
30625206,30683669,184.781,1010.9239767461664,17.49060492319393,44354.95105561274,0.114817554751
30684925,654574349,1685.808,358.95696237951483,121.98530957059577,127456.0934549397,1.047512202768
30684935,30684925,14.905,295.21036252041665,1.075615641611316,925.9812031451617,0.009261534755
30625235,6250350293,1559.146,1351.941717223174,225.24467848039708,669045.2437430884,0.968808109166
30683665,30625235,197.921,1449.949306460298,17.99870161410782,66660.17352271572,0.122982369691
654574349,30625206,21.003,1485.879918154409,3.7330842552613737,11629.997221483887,0.013050655113
30625235,30625223,24.024,1451.2775771341987,4.041547227911262,12449.579617205058,0.014927816904000002
30625223,30684926,1663.019,790.4751102293533,122.51958875016284,278513.9730910652,1.033351779049
30625223,654574349,26.924,2663.987427300395,31.35393599770061,70118.761327685,0.016729792804
30683665,30683669,11.092,0.0,0.798624,0.0,0.006892247132
30683669,30683616,890.809,1008.4711683939314,68.08627502784577,192824.6910974561,0.553522879139
332711132,287450377,35.209,696.8766908485984,2.600966327215434,5203.152007811887,0.021877851539
260989225,332711124,11.83,1362.809401155094,1.175692081346856,3938.4383132911335,0.00735081893
332711132,332711130,7.066,493.1312963505602,0.512069054670456,734.2687947458671,0.004390607486
287450377,2248585305,7.826,1742.8733442034336,1.136705929514832,4347.180191414271,0.004862849446
260991567,260992092,21.64,719.6029765659332,1.604143591308474,3306.1231185356905,0.013446468440000001
260991567,2248585683,30.756,1371.8573660056686,2.5206828501526743,9316.849393474737,0.019110886476
2248585252,260989225,16.835,1683.3854433721,1.424107907332524,6348.515650994513,0.010460780785
332711124,332711127,7.875,1375.1469040344589,0.7905505165028099,2661.618085602163,0.004893296625
260992092,332711127,15.343,699.9351812054406,1.1339287930134239,2277.6702447762073,0.009533695253
2248585708,260992092,48.184,699.9351812054406,2.918133462444588,6818.790592554187,0.029940140264
332711127,260991567,7.327,1371.8573660056686,0.7335551673613141,2466.4334512607484,0.004552785317
323067906,260991567,16.23,719.6029765659332,1.203107693481354,2479.5923389017653,0.01008485133
260994516,1803700353,414.17,1894.5508255605328,18.67427312046894,156840.69540011405,0.25735322707
260994516,1641539237,256.288,1408.754001241846,15.525081658151286,73000.37874873645,0.15924993084800002
2248585683,1641539229,198.661,1689.6019993784064,15.71264078909651,73011.93681868228,0.12344218423100001
332711127,332711132,11.444,703.2247192342311,0.8461848813668881,1707.129955448985,0.0071109697240000005
1652675133,252684013,18.571,0.0,1.337112,0.0,0.011539480841000002
1652675109,294838085,14.3,0.0,1.0296,0.0,0.0088856053
2536543051,6019010078,59.772,1344.5336070435364,8.540901894485376,25295.471377546826,0.037140587412
252684013,294838085,292.006,390.7951600911369,21.172170978614375,24050.809855306623,0.181444060226
2212270072,1675108861,21.355,2880.690361971781,7.838821007878039,38047.460001401654,0.013269377705
2212270197,2212270072,18.905,0.0,1.3611600000000001,0.0,0.011747018755000001
1652675133,837696625,565.855,1275.0226083449168,73.18174419713014,210697.64980089085,0.351605887205
1652675109,1652675133,292.065,1275.0226083449168,37.77262040440539,108751.19790246118,0.181480721115
258790724,2026362779,7286.872,145.915046681624,437.2124155403444,214692.60381330698,4.527850941512
1594541219,258790724,1431.916,0.0,85.91496,0.0,0.889751076836
297101016,257818028,509.736,1717.7649508725522,47.848403739902125,206938.08284639806,0.316735168056
283045467,258045538,736.188,4572.424564878466,212.6609617046623,1791060.1844135656,0.457445873748
2026362779,1313885469,1737.005,11.622008274639906,52.110150002320104,4556.187980516284,1.0793245338550002
332711130,332711124,12.074,409.51987052338495,0.872023751291748,1040.8203571471274,0.007502433454
1599687519,258790724,1356.285,138.96723174859193,81.37717406464886,38057.41359553495,0.8427561667350001
2026362779,1313885544,925.855,0.0,27.77565,0.0,0.575299447205
262404421,262403900,28.21,0.0,1.6925999999999999,0.0,0.017528875910000002
956276996,262403900,32.938,1354.2769945279522,2.235851852235768,9225.401112134565,0.020466717998
956276747,262388300,5.399,1788.2232631612744,1.586314523271708,5195.468702776639,0.003354782029
1645798452,262403534,2312.625,11.25784470280434,166.50900015917244,5475.042563303513,1.4369981088750001
262404421,956276996,38.049,1189.3276508521485,4.390941848943714,12180.326449308719,0.023642545179
262404428,262404421,6.792,1189.3276508521485,0.783812374517742,2174.269422158387,0.004220351832
1645798452,2050196030,11.6,0.0,0.8352,0.0,0.0072079036
2050196030,2050196059,95.488,81.50751406167194,6.875227421006562,1636.72335940781,0.059333474048000004
311718989,343590422,548.272,1893.934865935532,116.17129266818432,442763.37484784395,0.340680320912
311718989,262476527,23.881,687.9631628349456,1.835475243091476,3533.785863178711,0.014838960851
956276996,3646113399,6.223,1189.3276508521485,0.50140759896534,1622.3266989587044,0.003866791733
301351637,262404428,2054.336,1189.3276508521485,237.0750851321097,657638.3904062413,1.2765048146559999
342902483,262555357,12.883,56.00272029099001,0.927578748907398,151.7237479687797,0.008005122593
342902447,342902476,17.808,634.5517467754835,1.34480708481732,2414.7979183890734,0.011065374768
262555357,342902447,13.218,634.5517467754835,0.9981839649098939,1792.3853821466068,0.008213281878
933601812,262555357,1411.846,634.4886638969024,106.61642778834643,191428.63334348283,0.877280160866
1641539237,956276853,29.4,0.0823736144002783,1.764,0.48900275262085696,0.0182683074
1641539237,1641539234,31.573,1408.6716276274462,2.185642978388484,9245.938515320238,0.019618546583
1803700353,428225997,95.276,847.4850398429329,5.831704194200238,16351.324134236687,0.059201743396
1803700353,1803700332,258.866,1047.065785717602,11.655719591651813,54180.980486553,0.160851825286
262403534,262388158,13.383,2072.116151186198,6.3155805337289275,19647.822911980013,0.008315808093
262388216,3646113398,6.705,530.3659495097962,0.494268213982218,753.5670085624554,0.004166292555
3124623134,7236745756,49.639,1194.073747939137,27.318836435687246,45140.41207429768,0.030844235069
3124623134,418946710,62.672,0.0,4.512384000000001,0.0,0.038942563312
1803700338,262388216,17.16,81.50751406167194,1.029600110896602,282.41696947227297,0.010662726360000001
3646113398,3646113399,3.845,81.50751406167194,0.276843681235026,65.90567733037683,0.002389171495
262388216,262404973,22.007,433.9462686333232,1.85535551602167,2135.935226141787,0.013674511597000002
262388300,262388216,11.865,882.8047040814477,3.35550575013309,5494.328191133956,0.007372566915
262404973,262404428,26.118,1193.2364999336785,20.257411973787672,27125.413088688645,0.016228967777999998
1803700338,262404973,27.922,759.2902313003558,1.69706243294505,4288.724925375657,0.017349921062
3646113398,956276996,5.309,1354.2769945279522,6.580501344756372,7131.216730327245,0.003298858639
262388300,3646113398,10.524,905.4185590798272,3.2124651915368343,5257.933042788295,0.006539308404
267405714,280807026,1443.62,1978.048199059078,65.44230988080368,570654.2754097086,0.89702360302
1959933943,1982824350,1054.916,26.401665364704517,47.47122005628787,5567.461547371614,0.6554942098359999
267399134,267400443,200.511,5891.896805107802,10.68147559528764,236055.5439365153,0.124591720581
267385833,267385837,127.232,2055.5515492063755,12.955495288103597,64842.265268967334,0.079058275072
267980710,267980714,18.99,1720.310278913234,4.975215069009192,16258.193075121913,0.01179983529
1807917065,267980710,92.044,2272.488885965514,17.145433533299887,80831.2929229004,0.057193472323999996
1959933943,3434038487,249.405,2581.04377725805,7.642217068346813,142186.11150094157,0.154973034255
267980710,1929590509,11.621,1090.4055339650374,1.19308295443443,3157.7685487367717,0.007220952391000001
1920752830,1727354222,304.363,616.4551902189484,22.02453666695598,39519.2238783021,0.18912234167300002
1920752830,1727354220,556.406,1007.8529177729566,20.751597673792055,113896.96677469602,0.34573455262599995
267980714,1929590509,14.525,963.9788697957466,1.3178776136253418,3248.472530617725,0.009025413775000001
1940719410,268019881,817.856,1522.0269494188606,24.59915190969813,280141.97275560093,0.508192000576
268452677,7496365625,354.868,823.2462588438574,29.08633525657681,64512.18298748396,0.220504684028
7496365625,268452677,354.628,1067.4300326688867,35.520267856842686,92910.73765127745,0.220355554988
268040890,1624946268,3744.939,4009.605092520197,116.77722993596075,3267456.2674502223,2.326996491369
1624946277,1940719410,4093.171,3393.584534560007,125.27914939352725,3071393.07356896,2.543377757441
933600601,933601812,30.511,634.4886638969024,3.913033915543056,5618.719795544572,0.018958650581
262570727,2476616792,34.477,56.00272029099001,2.482351356522576,406.03738715513526,0.021423007967
342902483,342902447,9.133,0.0,0.6575759999999999,0.0,0.005674981343
933601812,262570727,28.85,56.00272029099001,2.077298493802326,339.77264487346423,0.017926553350000003
2476616792,2476616806,8.932,0.0,0.643104,0.0,0.005550085772
263577638,5907276105,9.007,842.7524734975918,0.6679720243689421,1611.8133306504546,0.005596688597
933600601,262570727,10.104,0.0,0.727488,0.0,0.006278332584
2476616792,418358224,27.246,56.00272029099001,1.961805017751756,320.8819924513832,0.016929874266
5907276105,5907276110,12.103,0.0,1.4523599999999999,0.0,0.007520453213
5907276105,1509404658,19.568,842.7524734975918,2.705023346667594,5061.7069956407895,0.012158987728000002
1509404656,263577638,11.992,0.0,1.4390399999999999,0.0,0.007451481032000001
5907276105,337267056,16.075,0.0,1.9289999999999998,0.0,0.009988538825
695597115,2799872747,84.97,912.403534970611,5.2361570254682945,15716.391742156888,0.05279789387
267346512,351687421,42.731,1104.5558723968668,4.456382065547304,11878.489885434346,0.026551804201000003
268095463,26803921,92.221,542.9470555277425,5.552035439975106,10115.016124746213,0.057303454991
2755734621,695597115,665.387,912.403534970611,39.99074001537696,122613.43117370558,0.413452185577
274716433,2042838851,38.101,1153.5618674663226,4.206818587024224,11480.017899212246,0.023674856471
3847019589,270967329,24.977,880.4928771641822,2.1239933932070882,4938.761371743457,0.015519983467
2042838851,270625172,2000.483,1153.5618674663226,220.87790523676497,602755.3252426389,1.243042122193
2042838851,274716444,37.442,1200.6129175400915,4.383455787096882,12221.160877928767,0.023265372982
3464927698,3112357466,17.922,938.4048764518363,1.5918609465688198,3858.818506857127,0.011136211062
514863336,271188388,859.983,1162.0061670347577,64.04451640122258,212499.35374409435,0.534368496693
3847019589,3847019588,14.137,0.0,1.017864,0.0,0.008784321827000001
3847019588,3847019593,90.068,1589.405535649743,18.953447844782467,60724.76265697546,0.055965643227999996
271991796,271991802,22.556,0.0,1.624032,0.0,0.014015644276000001
271991796,7129637089,142.264,1392.25038756672,20.888966267361635,63654.34707867532,0.088398723944
271188390,271188388,47.179,1610.7797379508636,17.144304417121926,46724.00830275868,0.029315662409000003
514863336,4548431294,113.671,1610.7797379508636,24.784038161877106,79765.29161539185,0.070631862941
274716433,274716444,10.623,234.64417289573703,0.77603268135327,526.6233304711498,0.006600824133
274716444,2042838807,31.303,1435.257090435829,48.35704664513878,46613.397716482636,0.019450776413000002
271991802,1134778719,92.891,1313.637836528815,21.147647518781316,54892.29047088299,0.057719773561000005
388575367,388575368,54.701,626.1228258159914,11.427170235487871,14448.357826009176,0.033989615071
2436784978,7496365625,1651.469,676.9131155335971,90.30524452319203,223678.22662288335,1.026174943999
7496365633,361360021,292.805,457.78465649151866,21.36091235316987,28306.728454449058,0.181940535655
268452677,7496365633,185.933,1067.4300326688867,18.623430646836493,48713.50311795733,0.115533374143
7496365633,268452677,186.577,823.2462588438574,15.292562792830942,33918.216252961094,0.115933537067
4077774871,1546103598,999.847,1686.4314185152236,247.4234411931008,805933.5578284874,0.621275930237
268675521,1236954257,79.801,16.015768045515372,5.745672113895354,268.7714514578096,0.049586027171000004
361360021,7496365633,293.087,20.70195411849602,21.10226516774639,1275.953756404334,0.182115762277
4077774872,4077774871,13.479,1198.682057850296,1.574131187326368,4384.931738365136,0.008375459709
721672406,270406510,1363.046,1572.3716801290532,133.8397003439786,519812.7158463281,0.846957256066
416865742,270625170,652.879,1200.6129175400915,76.43465175001411,213101.31116984284,0.405680077109
268675080,268675521,53.5,0.0,3.8519999999999994,0.0,0.0332433485
1041208313,268675080,2270.006,0.0,163.440432,0.0,1.410515898226
416865742,416865734,38.349,1153.5618674663226,4.234200834460824,11554.7415137894,0.023828956478999998
416865734,416865742,38.739,1200.6129175400915,4.535299763269759,12644.504867530648,0.024071291169
270625170,270625172,36.297,1200.6129175400915,7.082344902527273,17452.874342440664,0.022553903187
270625172,270625170,35.167,1153.5618674663226,6.471448223138538,15530.049942447742,0.021851753957
1344125792,1344125831,43.233,0.0,3.1127759999999998,0.0,0.026863732443
1344125831,1344125792,42.261,0.0,3.042792,0.0,0.026259759831000002
1344125792,278428749,2286.876,0.0,164.655072,0.0,1.420998426996
1953826659,278428749,3447.904,996.6596654995324,196.61127316705213,689821.6307283756,2.142427556384
281195695,279829276,49.521,1423.474296141827,9.78052831295871,28494.832576444875,0.030770913291000002
596467664,281195695,12.153,1747.8250145769402,4.527467410552596,13251.22433581156,0.007551521763
279828962,281195695,52.045,1221.2390546209958,3.333020972510304,12973.783708632749,0.032339253695
279828962,279829276,67.43,1178.818494370056,10.087766707152209,25915.46504910888,0.041899046530000005
596467664,380434016,85.472,453.0230395868184,4.416115787622168,7728.820230790534,0.053109822112
380434016,1953826659,2892.262,1204.4469659368551,183.25840714014817,709616.5013236457,1.7971677312020002
279829876,596467664,76.616,96.41073872930072,3.9404414345466536,1474.238837393857,0.047606960536
279829876,380434016,137.467,751.4239263500368,8.327799856147259,20885.696396820666,0.08541800725700001
280213609,2383000677,143.558,598.8185156831896,10.736595198676463,18307.36638203815,0.089202778018
2383000677,280213609,143.804,826.4465861301404,11.809135084124616,26266.031017571222,0.089355635284
280213609,279861310,1011.159,826.4465861301404,83.036029752499,184689.81153303297,0.628304878989
279861310,6469357866,147.05,7.91945630871057,10.58760001254738,244.89923369113413,0.09137260555000001
1375175690,274716521,9.933,419.1077396228798,0.821543696265288,922.9868912922428,0.006172078143
1375175690,274723615,25.897,363.3873390307082,1.874379694562982,1982.275021023026,0.016091644787
274716499,1375175690,29.828,782.495078653588,6.028915779508596,9602.809488407755,0.018534254188
2042838696,274716499,9.216,114.9677994885634,0.6641108225667,222.8744074373229,0.005726555136
1375175706,274716534,6.44,545.6831751315447,0.661866795411816,876.3156874938816,0.00400162924
1375175706,2042838704,31.905,1099.7194818286407,3.309422236321998,8800.123538138954,0.019824841755000003
274716521,1375175706,12.155,1645.4026569601865,31.79735639190513,22409.569768427504,0.007552764505
274723615,274716521,25.889,788.4654910783295,2.081054430375246,4469.951453599407,0.016086673819
2042944782,274723615,132.657,788.4654910783295,10.663464698145503,22904.335817533974,0.082429212747
2042944782,1019555988,28.672,363.3873390307082,2.2379096775749576,2254.382930340975,0.017815949312
274716534,2042838696,12.082,959.14956520907,4.418942922753726,7152.0872645053805,0.0075074044220000006
2042838704,274716534,31.549,413.4663900775252,2.29152906211653,2750.807619248169,0.019603633679
2042838704,1375175777,216.047,1099.7194818286407,22.409990468285834,59590.66886206889,0.134245340437
277865232,1187014744,71.329,1606.5484074048268,15.443061427934357,49659.55062221113,0.044321772058999995
307374836,2042944782,29.213,788.4654910783295,6.021959273546022,9619.3505559832,0.018152111023
1375175777,274728550,1816.596,1099.7194818286407,188.43075370047336,501058.4303052521,1.128780073116
6366276984,3499256403,417.417,1778.60924400395,120.66877978145011,395224.144447052,0.25937081870699996
1546103564,1546103534,13.911,0.0,1.0015919999999998,0.0,0.008643891981
6366276983,294607391,202.8,1649.8841606629348,47.19940629684592,152976.2591783401,0.1260140388
6366276983,6366276984,8.359,0.0,0.6018479999999999,0.0,0.005194040189
6401142564,301496159,341.529,1143.6492825211717,37.26385285681163,101218.17521457555,0.212216216259
3068240673,6401142564,11.167,0.0,0.804024,0.0,0.006938849957
297101016,297091889,231.185,281.1330673604888,16.64894728068854,13668.731640967437,0.14365165463500001
1560223815,1560223686,66.186,916.9238589570666,5.780251310154655,13806.103338456469,0.041126061006000005
307374823,307374836,30.222,788.4654910783295,6.229954238356482,9951.597319786544,0.018779074362000003
995560589,307374823,9.045,0.0,0.65124,0.0,0.005620300695
3068240673,458918600,477.564,1622.970140923583,48.58221908868493,192053.04712948043,0.296744420244
588159345,1821788436,136.666,2464.430424956828,83.09659961609293,267656.67352170113,0.084920289086
5407135851,1502779893,2123.513,2349.802172354008,430.30267448074,2056929.0245820042,1.3194893963229999
685123983,313159791,762.189,0.0,54.877607999999995,0.0,0.473602141119
307374836,1019555988,9.28,0.0,0.66816,0.0,0.00576632288
1019555988,995560589,30.41,363.3873390307082,2.373564219275058,2391.0360251000643,0.01889589211
675503714,4892922989,551.613,961.0686477220344,49.92456101741163,122832.47418944332,0.34275632142300005
281903189,66617006,1331.759,0.0,59.929155,0.0,0.8275164215890001
1476399739,2383000677,714.116,826.4465861301404,58.642960625119876,130434.4316301625,0.443730973036
4892922989,280323089,56.627,137.15441294352155,4.077578679648973,1633.3334309926186,0.035186375617000006
2248585305,303134911,2038.386,1830.39113915542,182.64158699904206,859936.3219880278,1.266593947206
1641539258,2248585305,48.083,87.51779495198781,3.46197649564263,884.942336652519,0.029877381793
281903190,281903189,198.415,0.0,14.28588,0.0,0.123289326965
6171409044,283045467,312.179,2143.524059137836,50.716498991245714,232546.45315083335,0.193978977409
288304530,4313424162,160.158,2489.320346807945,17.645744894363048,103986.45448386711,0.09951753661799999
552384763,1656195407,102.036,2963.346539196102,69.80802235149356,251678.83053221228,0.06340221135600001
288267826,1822552903,422.931,2211.9931134703306,73.83668880206662,343815.40323775593,0.262797058401
288304530,288304532,14.885,22.52276149749661,1.0717204865014138,70.5013719801437,0.009249107335
1546103564,294607388,222.938,1778.60924400395,64.44791761456031,211085.03083184652,0.138527207998
294607391,1546103534,223.075,1649.8841606629348,51.91818323308138,168270.11349215094,0.138612335825
294607391,294607388,13.591,0.0,0.978552,0.0,0.008445053261
294607388,6366276984,204.481,1778.60924400395,59.11228521715862,193609.33618103154,0.127058563451
3740694097,343216049,74.832,1910.335480401042,27.006751161432643,87536.27429259609,0.046498434671999996
2721129357,343409992,306.125,731.1911519072304,52.411301374747694,81024.30846249039,0.190217197375
342902476,3578749496,8.106,0.0,0.583632,0.0,0.005036833326
3578749496,342902483,18.571,56.00272029099001,1.337115962583192,218.71161402842526,0.011539480841000002
2020003420,1272283714,130.794,1610.614823833173,23.757998106655307,79837.73301076272,0.08127159857400001
361360021,6549053405,981.364,457.78465649151866,85.61717643926546,102150.24754830064,0.609791130044
2020003415,2019948685,724.234,1552.829751959749,119.57419228971051,395758.67370204546,0.450018004814
2020003420,2020003415,15.263,0.0,0.91578,0.0,0.009483985573
6420248056,6549053405,9.445,0.0,0.68004,0.0,0.005868849095000001
361488946,26876749,181.598,0.0,13.075056,0.0,0.112839730858
6420248056,361360021,981.658,20.70195411849602,70.6793799112195,4273.646434691281,0.609973813118
6549053405,6420248064,29.225,457.78465649151866,2.13204236103,2825.307419891303,0.018159567475000003
1953826659,2027066616,43.997,207.78730043732293,3.178201122800964,1924.4974331855321,0.027338459887
681323998,412543167,266.038,573.3820811373351,19.277950470693234,32143.608214482112,0.16530829809800002
370883704,370884302,23.121,0.0,1.664712,0.0,0.014366718891
370883704,928259546,253.16,80.50144201248374,18.22775063028615,4285.75652885672,0.15730628236
736605739,736605738,35.887,0.0,2.583864,0.0,0.022299141077
2056129618,736605739,347.069,0.0,24.988968,0.0,0.21565861159900002
736605738,313159791,40.984,0.0,2.9508479999999997,0.0,0.025466269064000003
736605739,313159791,45.372,0.0,3.266784,0.0,0.028192845012
361488946,361488941,182.311,0.0,8.203995,0.0,0.113282768381
323067906,332711132,12.626,486.7832679649276,0.9146997796711079,1295.01546777532,0.007845430246
1594497163,1594524818,934.55,1860.7780531526648,43.285167473085636,347270.38034772576,0.58070226805
321535150,361488941,200.252,0.0,14.418144,0.0,0.12443078549200001
1509404658,337267056,12.509,0.0,1.50108,0.0,0.0077727298390000005
1509404658,5907276110,15.406,768.7228945326631,2.043222199581312,3523.6929049199184,0.009572841626
339532008,4545916937,1394.918,1483.1142873220658,246.83837297959417,768326.9969598835,0.8667615925779999
4545916936,339532008,1397.508,675.7312540659549,106.94115610481549,202784.67016311473,0.868370943468
341340978,4566145594,87.392,1833.8959237369768,27.734803575239027,90680.14446844823,0.054302854431999996
4566145594,341340978,87.982,2169.49957516456,48.615068140782945,145624.50095649963,0.054669463322
4545916936,4545916937,12.657,0.0,0.911304,0.0,0.007864692747
4545916937,3949861834,170.876,1483.1142873220658,15.84566384588418,59492.10284287407,0.106177390996
2050196059,458909318,162.702,1622.970140923583,16.551549551823868,65430.842513381984,0.101098304442
2050196059,1645798454,12.532,0.0,0.902304,0.0,0.007787021372
443549316,443551444,1184.847,1404.1612854322598,92.53159042288823,360059.9241569778,0.736229565237
6268093337,3869622341,3491.688,1101.414389863029,259.4590693634157,817173.6749122097,2.1696336642480003
587656943,3088844303,20.59,452.0866245266447,1.486165399344294,1959.0413085033374,0.01279402889
1675108861,2280773073,43.908,2880.690361971781,16.11739418468316,78229.35489307159,0.027283157868
1645798454,1645798452,92.709,11.25784470280434,6.67504803230349,219.48466423123463,0.057606684039
4548431294,514876560,12.679,0.0,0.912888,0.0,0.007878362909
3642137211,827758753,43.22,0.0,3.11184,0.0,0.02685565462
827758753,3642137211,75.012,0.0,5.400863999999999,0.0,0.046610281452
2212271020,2212270197,21.502,1929.9872853013587,8.019618740252179,25905.968419928122,0.013360719242
2212271020,1675108861,18.94,0.0,1.36368,0.0,0.01176876674
602232358,602232361,31.501,229.86285595505743,2.269979682717588,1523.1213668289752,0.019573807871
602244739,602232358,321.878,1146.8137106565175,35.252503681553,95897.50860725032,0.200005654738
5072122142,575758637,33.391,1070.1836309959197,3.3542518566296398,8786.350005395085,0.020748199061
1821788436,1821890631,276.812,1871.121576558707,78.10959187710166,271276.781980601,0.17200294925200002
6753463628,6753463629,20.663,589.3268491687243,1.541802081817596,2591.20572131835,0.012839388973
418358224,2476616806,27.646,634.4886638969024,3.545597837799588,5091.118857711161,0.017178422666
6753463629,416865734,1585.974,588.0181393691112,118.3031929609392,198423.04578972928,0.9854782503539999
6753463629,6753463640,24.926,239.9393463736243,1.796464111751646,1258.104929662568,0.015488293545999999
1211868056,1387922661,12.865,0.0,0.92628,0.0,0.007993937915
428225957,1803700338,200.912,840.7977453620274,12.05762413886277,34110.46078277843,0.12484089035200001
2476616806,933600601,30.566,634.4886638969024,2.308210478889762,4144.366741682092,0.018992825986
1387922661,1387922663,108.551,379.5410867952546,7.864534493676708,8681.096332796136,0.067450443421
428225996,2248585708,175.399,1388.3422155476355,10.61935652924895,49232.43388135311,0.108987852029
428225997,428225996,106.688,1395.9662301563374,6.460603341763578,30111.38071204572,0.06629282924800001
1641539229,428225957,126.237,1865.5111822616243,7.798086173321533,47759.030241512606,0.078440010927
428225996,1803700332,59.449,7.624014608701344,3.56694000047055,91.51749505585394,0.036939884579
443549316,443549315,22.91,122.52738180745398,1.649560990804002,590.3215638679599,0.01423560961
443549315,6268093337,545.735,1101.414389863029,45.668409368909415,133976.51422094431,0.339103902685
1803700332,1641539210,517.481,1054.6898003263032,23.29103986012932,109099.77825471634,0.321547686451
956276867,428225997,199.016,548.4811903134054,11.943597213746736,22041.376313475983,0.12366277093599999
1652675105,552384763,943.528,1267.5391834522427,71.75314268183641,256224.89434871322,0.586280936888
1652675105,101333380,16.567,1026.0270441028065,1.591101448168164,4069.723025988671,0.010294253357
837696625,837696595,18.403,0.0,1.325016,0.0,0.011435090512999999
837696595,252684013,566.034,390.7951600911369,41.040830077837484,46620.878014967566,0.351717112614
768474203,3464927699,17.251,426.09397590061633,1.2544070939954761,1550.636881159559,0.010719271121
59388414,59388409,295.032,1151.7926785868856,19.555992475543576,69875.1492207144,0.18332432887199998
2169462573,1652675105,16.771,1007.6758172246113,1.344780547248144,3696.857207184259,0.010421013041
3464927699,3464927698,13.003,3306.8757583976376,1.707694499887218,12700.83530434303,0.008079687113
59955480,534409092,216.357,0.0,15.577703999999999,0.0,0.134437965447
598605518,59955480,20.902,0.0,1.504944,0.0,0.012987896642
59388414,59388415,17.27,0.0,1.2434399999999999,0.0,0.01073107717
59893230,303647840,443.305,1734.483357177704,49.109894696860636,201283.03321174235,0.275456871155
5653527160,3247046794,273.672,0.0,19.704383999999997,0.0,0.17005184431200002
5105450554,64979182,1558.777,0.0,112.231944,0.0,0.9685788232670001
534409092,669115024,7.518,0.0,0.541296,0.0,0.004671467178
260683039,5653527160,8.847,0.0,0.636984,0.0,0.005497269236999999
2339090006,1567724868,279.924,8.075018259655952,16.795440021514906,456.41456964065577,0.173936655804
1567724868,1567724865,225.376,270.2272312315099,16.275368747241,12819.449104119376,0.14004211049600002
1567724868,53433357,620.401,0.0,44.668872,0.0,0.38549918977099995
3642137211,560570589,789.991,0.0,47.39946,0.0,0.490877497661
1560223815,56231397,9.907,0.0,0.713304,0.0,0.0061559224970000005
1560223686,56231397,68.854,895.0952502393017,5.916254380135746,13909.325974784711,0.042783878834
1567724883,1567724868,248.831,214.14367475264316,17.936861030874546,11209.761924788527,0.154616367301
59388415,56006763,154.509,1453.829856863467,11.7352648572174,48102.97309455388,0.096007411839
837696625,57343261,722.36,1275.0226083449168,60.19017433829399,204887.92482468323,0.44885355556
1401188845,57343267,11.009,1122.4697629428622,1.171747390552668,3150.7627096003084,0.006840673339
57343261,1401188845,24.998,1275.0226083449168,3.232978839879222,9308.073357525627,0.015533032258
57343267,57343261,19.988,2099.1546858013694,9.858004440171257,30375.307219949842,0.012419963548
57343267,837696595,724.75,390.7951600911369,52.54868364605787,59693.37767934036,0.45033863225
158906921,57343267,210.07,1367.4800829496453,31.06013603917361,92815.00741551364,0.13053140597
1401188845,158906921,207.96,573.3820811373351,22.774705440254806,30976.334381353958,0.12922031316000002
567607181,1401188845,752.694,0.0,54.193968,0.0,0.467702223474
75441624,416828920,137.245,0.0,9.88164,0.0,0.08528006289500001
416828920,75441664,217.073,0.0,15.629256,0.0,0.134882867083
75441542,75441664,252.943,1306.161389716252,8.358789884263764,69392.49847682171,0.157171444853
7425311651,75441542,2137.157,1536.2789829946855,91.88831925797892,657784.4042507478,1.3279673822470002
416829140,75441605,214.702,351.4893835545583,15.590241856948817,15912.674461280594,0.133409596442
75441605,7425311504,2101.771,1596.9266099246474,77.3581270165005,683178.2490866669,1.3059795480410001
75441602,416829140,214.756,223.7970118394213,15.484081915717553,10111.534736445752,0.133443150476
75441602,75441605,263.214,1245.4372263700895,8.559183986293744,69405.8072491116,0.163553546394
1596683752,76598376,2802.311,3.0860177239573754,201.76639200551335,1818.6192241675892,1.741274788381
1596683750,1596683752,16.888,0.0481583794712899,1.2159360000000001,0.17103189781946862,0.010493713448000002
7425311504,1869378336,185.37,260.0110715714095,13.380688703861663,10143.919070240385,0.11518354227000001
7425311504,1869378490,241.359,999.9550015988796,7.4933202898037825,52703.21624720726,0.149973483189
2472304451,76636814,636.828,894.1270818021695,47.595673190611556,121233.23230935968,0.39570645118799996
76636814,1910114874,84.37,894.1270818021695,24.79057981251398,40596.818335629105,0.052425071270000005
1596683739,1596683752,49.363,1593.541897436879,4.449020743992779,18185.810922900466,0.030672736673
1580853262,3393883724,12.039,0.0,0.8668079999999999,0.0,0.007480685469
416829140,75441756,165.466,223.7970118394213,11.914594556713817,7787.57008732039,0.10281577388600001
6268093337,638946911,25.456,0.0,1.832832,0.0,0.015817620176
75441756,64979250,1422.815,0.0,73.17334284,0.0,0.8840959793650001
75441624,75441756,245.809,0.0008706338661063583,12.64160574,0.04271258378043083,0.152738584139
68435104,68435087,401.096,935.67472198506,35.54781697828082,86012.77325521862,0.249229422616
76652370,68435087,159.681,95.36751928866256,11.497318524523129,3202.463174537789,0.099221142651
638946911,443549316,545.991,1526.6886672397134,62.85729805333872,223990.24927488202,0.339262973661
361488941,66616882,1052.293,0.0,47.353184999999996,0.0,0.6538643537029999
76652370,1594509597,231.342,1199.4138091214602,22.50326921980291,66926.85053531495,0.14374920988200002
300467569,76652370,656.844,370.4813322719113,47.34579159030715,51192.70279310515,0.40814381312400005
1594497163,68435087,245.302,827.004437627748,22.102381946890148,46893.32645455208,0.152423549042
98091274,68435104,1382.439,0.0,99.535608,0.0,0.859007503869
95760114,95760121,52.742,2175.7337074959287,4.38381636312855,25498.72746123159,0.032772349282
75441542,416828920,214.81,230.1175932784327,15.490527367189134,10400.262241553071,0.13347670451000002
928259445,928259421,86.831,80.50144201248374,6.251911103564448,1469.9657337539813,0.053954265301000004
339213073,261690348,9.275,0.0,0.6678,0.0,0.005763216025
94487954,1560223505,169.268,3110.452852205419,37.03195561923888,229949.03111006945,0.105178226428
855357601,94487954,1468.309,1193.2364999336785,118.4727983912236,384272.9541862722,0.912364631639
1546020576,91414324,316.853,2661.270424300812,47.73510951536758,276405.71928793075,0.196883265463
1560223271,94487954,11.249,1189.3276508521485,1.298160394721748,3601.0536999204623,0.0069898023790000005
1560223505,1560223271,166.184,2963.346539196102,32.06000098533243,195514.68291682142,0.103261918264
1656195407,1560223505,247.813,2963.346539196102,27.323720606226402,191632.96218891718,0.15398381162299998
1560223241,94487954,95.862,1917.2163522717387,17.18364064015114,68942.6718679517,0.059565866801999996
1560223271,1560223241,92.885,1774.0188883439523,13.990820500253003,54005.80057208215,0.05771604533500001
94947120,1591359101,714.494,226.00540610854395,51.45155558461827,33959.8321888062,0.443965851274
94947120,150731280,17.351,0.0,1.2492720000000002,0.0,0.010781408220999999
855357601,301351637,188.514,1189.3276508521485,21.754947875417905,60347.50086112598,0.11713713269400002
301351637,855357601,184.267,1193.2364999336785,21.370493717584456,59385.23158076748,0.114498170057
1591359101,1591359111,29.099,1745.412489245969,7.95350063698458,26029.61284294833,0.018081274729
1591359101,257818028,266.878,984.9730671311262,19.846150075038924,55870.053852686644,0.165830249738
1543145115,94947120,20.371,224.66191733405608,1.484723786336598,966.1821129544251,0.012657948641
1576655246,94947120,96.765,1.343488774487819,6.967080000006834,27.338795286861078,0.060126964815
2472304451,300467569,25.092,370.4813322719113,1.9706932495736278,2016.3696427405257,0.015591441131999999
1594509597,1580858436,3855.192,3101.9980850396987,283.57790914599224,2532332.3333878163,2.395504508232
1910114874,76636814,85.004,951.1695757714912,30.269210528334362,49116.45635580815,0.052819020484
76652384,2472304451,13.419,1172.5544965890615,2.5273609235378403,6132.462566906209,0.008338177449
300466784,247453072,649.221,884.3288189024394,55.356908751611385,129095.8788947558,0.403407101991
7125437417,247453072,932.175,355.5075840315183,67.43959778377821,69795.98127957103,0.579226511925
300467569,76652384,24.023,311.2445495439757,1.80790176748233,1595.8446086779911,0.014927195533
247453072,76652384,240.906,1157.3285226934977,26.720438755076344,73045.51395117177,0.149692002126
7129637089,81398245,30.432,1392.25038756672,4.468403963394456,13616.43908717768,0.018909562272
7129637088,271991802,137.547,1313.637836528815,31.314072119643598,81280.96239031275,0.085467716937
669115024,78546317,236.46,0.0,17.02512,0.0,0.14692938666
79838669,79838683,24.087,0.0,1.734264,0.0,0.014966963277
343275485,91401146,17.074,1237.7971639365744,2.0987684099319237,5947.612165167899,0.010609288454
343275485,343275482,10.647,1324.6521871086393,1.026817636816146,3384.8347174995565,0.006615737037
7129637089,7129637088,16.789,0.0,2.01468,0.0,0.010432197719
2476364026,91401146,24.116,708.6044078188962,3.846666908652804,5854.648758083612,0.014984983036
101333380,2169462573,17.645,1117.7837377508267,1.867969596850392,5011.470255038969,0.010964091295
294139689,101333380,947.535,2102.502177157375,77.40901469358121,439290.62102157145,0.588770770485
1787991699,2721129357,301.333,632.5632719873121,38.441131239684566,55107.96859846185,0.18723958754300002
101333380,292910444,2228.379,2010.7454835093545,217.56236248925052,1083088.2748773387,1.384650087609
1591359111,1591359081,12.314,1617.4428156080085,2.714798725179096,8748.818956838537,0.007651562494
593902037,105789410,12.313,0.0,0.886536,0.0,0.0076509411230000005
1591359081,297091889,29.707,2695.807801603601,8.861795070069936,43530.21273847852,0.018459068297
1591359081,297101109,241.186,667.6305796006739,17.485748836521953,33936.246720625706,0.149865986006
593902037,297101016,1568.934,1998.8980182330408,220.29020083085112,974029.6061478392,0.974890088514
294139689,552384763,16.119,3483.3909521274386,2.33805392356164,17876.773147100972,0.010015879149
105789410,294139689,483.928,2079.6639357119952,73.63060000315961,332422.31520706497,0.300698825288
297101109,105789410,1557.686,2079.6639357119952,237.00499825701695,1070013.6931230114,0.967900907506
458909316,1645798454,168.313,1143.6492825211717,18.36444596473077,49882.54211177045,0.104584817123
138548556,138559855,15.29,1806.4739173753171,1.7985914371001281,7534.1618023118535,0.00950076259
132484351,3553632155,58.509,0.0,4.212648000000001,0.0,0.036355795839
458909316,458909318,13.429,0.0,0.966888,0.0,0.008344391159
297091889,150731280,704.872,472.5607186955399,50.90140388359085,70113.12162874204,0.437987019512
94960621,928259445,35.707,0.0,2.570904,0.0,0.022187294297
297091889,1591359101,14.139,2504.380150268553,13.08297997205559,32576.941502741025,0.008785564568999999
150731280,1543145115,15.566,0.0,1.120752,0.0,0.009672260986
343216049,98983781,95.228,774.7342619723757,7.003415984546604,15621.527127428366,0.059171917588
2476364026,343275485,19.019,1384.486966085555,1.924085539721328,6502.39424461157,0.011817855048999999
928259546,94960621,39.494,0.0,2.843568,0.0,0.024540426274
928259546,928259445,12.625,80.50144201248374,0.909011501451108,213.72916802344798,0.007844808875
517506274,517480077,64.007,645.9709765964795,8.476678777371582,12288.854782916895,0.039772093597000006
1354124642,3600010793,41.642,0.0,4.99704,0.0,0.025875131182
244157470,100148217,315.361,1227.3251030630825,25.772104090240365,85359.41546188669,0.195956179931
517480077,244157497,236.398,2091.4756632731355,36.40256877166453,164831.33423315044,0.146890861658
101213421,1787991699,637.743,632.5632719873121,81.3570447318752,116630.84102268539,0.39627500565300006
343409992,1787991699,19.635,0.0,1.41372,0.0,0.012200619585000001
1354122705,1354124642,41.687,439.3510277320247,3.035158098420822,3865.2947465304946,0.025903092877
2429294791,101213421,8.5,632.5632719873121,1.084347268760202,1554.4853470642954,0.0052816535000000005
1803700352,144800225,310.031,3457.541249454749,14.91252296268073,213890.71353037606,0.192644272501
144800239,260479469,3239.093,5836.531680882305,171.55768593365892,3776538.744153666,2.012678456503
144800225,144800239,438.63,4482.254686354354,20.953517418314394,392336.09224526037,0.27255196173
428225957,144800225,91.519,1024.7134368995971,5.727542114678658,19060.784327898764,0.056867252549000005
147928154,775280802,386.729,715.8304873202769,11.603338462487471,62470.485833880666,0.240302185459
1641539210,147928154,1769.457,1291.7440811177476,79.6593790818058,456895.70519001636,1.099489265547
262403900,144800239,259.737,1354.2769945279522,17.631108523412536,72748.13311866227,0.161393039427
260479469,3273832600,316.88,860.6703981525543,19.038259664594417,55079.16896215819,0.19690004248
152428728,1337990181,3088.931,1700.1613364104471,332.9916229674208,1350185.6501217838,1.9193721444010001
1337990181,517508435,46.836,645.9709765964795,6.202661071710523,8992.154023976997,0.029102532155999998
775280802,754122576,786.063,0.0,35.372834999999995,0.0,0.488436752373
775280802,1982824350,388.874,715.8304873202769,17.510542987014908,55643.68788383241,0.24163502625400002
158710664,1597984543,253.404,623.0430396242526,18.251797301223814,33205.3841483948,0.157457896884
1906766909,158710664,403.281,2690.942747301019,39.52765369042121,262924.6144942152,0.250587118251
158710664,3273832600,54.961,2074.480726530644,12.037370903117527,49836.996029850816,0.034151171531
3273832600,158710664,55.247,860.6703981525543,4.218433463690429,10202.329282019276,0.034328883637
138559855,138559856,14.511,662.8246348541469,1.105549307323992,2062.0239901195646,0.009016714581
138559855,458918599,293.318,1143.6492825211717,23.26896173251337,73056.43639791419,0.182259298978
138562268,138548556,14.134,786.5032777164381,1.134968483920806,2433.219662764695,0.008782457714
2018197570,138548556,296.463,1019.9706396588804,22.72020954782732,64969.37378707334,0.18421351077300002
458918600,138559856,298.898,1622.970140923583,24.33224449172282,106803.39055451186,0.18572654915800002
458918599,458918600,12.672,0.0,0.912384,0.0,0.007874013312000001
138559856,206191834,1342.367,1002.12473831803,102.45138539099352,288585.2387968839,0.8341079251569999
138559856,138562268,15.288,1283.6700374597,1.278607294740318,4373.0716127995165,0.009499519848
206191834,206191819,337.61,881.8771010626385,20.28649908853688,60129.45225353797,0.20978106331000002
2008877556,206191834,18.824,2389.4501951941406,1.463147043567186,9716.345663000438,0.011696687704000001
458918599,6401142564,479.837,1143.6492825211717,52.354486334261296,142208.2035213299,0.298156796527
206191834,206191823,43.983,2509.6978324495303,41.01776242707626,101785.15612754317,0.027329760693
2018197570,2470290300,13.014,0.0,0.9370080000000001,0.0,0.008086522194
2470290300,1679818045,303.796,1418.6453318525917,48.565488986843604,147910.04449939544,0.18877002431599998
138562268,2470290300,292.045,1418.6453318525917,46.686948581162156,142188.80085921456,0.181468293695
2008877556,138562268,1340.095,921.47857210933,117.44644823124531,281418.8378128235,0.832696170245
715195277,248204027,1335.667,1365.136806165531,116.04473280537265,413742.22823577555,0.829944739457
194539349,253152204,42.631,832.5896799044456,3.5138137603421757,7857.3712894462715,0.026489667101
300466784,1821447937,264.588,934.8024878752174,23.43318181656786,56666.30594647008,0.16440731014800003
715195277,715195279,12.318,804.8844911400942,0.999041292546864,2179.354172945363,0.007654047978
253152204,715195279,1329.76,832.5896799044456,98.48075461114392,234981.59198021007,0.82627430096
1142101038,1134778719,17.074,0.0,1.2293280000000002,0.0,0.010609288454
248204027,194539349,42.636,1365.136806165531,6.281882470842246,18754.841781415143,0.026492773956000002
253152204,248204027,6.831,0.0,0.491832,0.0,0.0042445853010000005
197381698,3666634604,243.028,1285.5321152228337,20.342016121501757,69643.87788111578,0.15101055138799999
197636544,253168550,198.897,0.0,14.320584,0.0,0.12358882778699999
1142101038,271991796,93.73,1392.25038756672,23.97979752933993,63867.46783947206,0.05824110383
1134778719,194539415,91.049,1313.637836528815,20.72829616364901,53803.79321014334,0.056575208179000004
253168550,260683039,273.543,0.0,19.695096,0.0,0.169971687453
695595039,2755734621,96.597,912.403534970611,5.952654586197018,17866.968260764137,0.060022574487
3247046794,197636544,200.012,0.0,14.400863999999999,0.0,0.124281656452
3247046794,253168550,12.026,0.0,0.865872,0.0,0.007472607646
158710676,1597984543,541.311,2680.2617871781267,24.964980625149373,289768.0629695857,0.336354957381
1906766909,1906766898,182.723,2812.3116025110403,103.89123595721564,396977.9497262255,0.113538773233
158710676,158710664,293.014,1958.2222232123645,18.21171984770913,116483.0412496523,0.182070402194
1597984543,260994516,3312.814,3303.3048268023776,151.7839732764101,2186071.3596599563,2.0584865479939998
412543168,158906921,1160.462,1367.4800829496453,171.5814137587066,512725.70636179275,0.721077433402
681323998,412543168,13.426,0.0,0.966672,0.0,0.008342527046
1906766898,1906766909,183.123,2690.942747301019,89.40845648561687,355008.3257217107,0.113787321633
206191819,158710676,597.893,4638.484010390492,28.80486035717785,553362.9326717864,0.37151337130300005
866613506,2026362814,216.382,2499.4191854655,68.84601773414155,306499.2199371564,0.134453499722
2458399622,166936001,16.907,0.0,1.2173040000000002,0.0,0.010505519497
1552842866,412543168,275.067,1367.4800829496453,23.92640751656549,85401.91018903414,0.170918656857
2026362814,866614004,215.574,1708.4160826726963,13.143531901075,74536.34764824157,0.133951431954
169492702,300466784,278.241,884.3288189024394,23.724681807823693,55327.48700297082,0.172890888411
1821447937,169492702,16.47,0.0,1.18584,0.0,0.01023398037
1821447937,166936001,27.559,934.8024878752174,9.288394695015263,15136.490344444393,0.017124363389000002
2458399622,169492702,28.283,884.3288189024394,8.039912844946782,13165.297695874804,0.017574235993000002
3112357466,768474203,12.621,1746.0881664314095,1.092671466016314,4991.863564417073,0.007842323391
244157470,517506274,66.32,701.0305611527946,10.334324712960935,15642.63972575531,0.041209324719999996
3112357479,244157470,229.216,1928.355664215877,85.25788798456706,275492.84993771894,0.142428175136
3112357466,3112357479,1205.649,1230.0498502743355,98.6331484573781,327211.643301598,0.7491553247789999
270406510,1209011882,15.855,0.0,1.1415600000000001,0.0,0.009851837205
316825090,3356007894,8.005,0.0,0.57636,0.0,0.004974074855000001
517508435,517506274,469.535,645.9709765964795,35.580001263859,64896.33985934367,0.291755432485
244157497,1209011882,2665.131,1644.5566772359246,614.7727503892146,1990812.0027634748,1.656035114601
274716489,274716430,7.122,309.90456748865574,0.53558429528496,470.95220261251393,0.004425404262
274723723,246755581,137.844,844.1817657205069,11.4433503471378,25842.830603530405,0.085652264124
3356007894,3070074797,198.779,757.0718928521995,14.83046738993601,32021.53724290597,0.123515506009
274716430,274716433,9.14,1388.2060403620592,12.439252330194954,12841.709052793829,0.00567933094
274723723,274716499,35.735,667.5272791650247,2.7268334137416543,5116.9781011689065,0.022204692685
2042838696,274723723,36.058,844.1817657205069,2.993415214424238,6760.111328038219,0.022405395518
246755581,307375258,46.783,844.1817657205069,3.8837690381166174,8770.821683388207,0.029069599493
2042838807,246755581,47.03,667.5272791650247,3.5887218538763097,6734.3355281369495,0.02922307813
596372698,8185515781,339.46,0.3778948885632127,20.3676,25.902129807282552,0.21093059966
206191823,206191824,19.145,2643.073192158275,1.542606205470384,11091.880933447346,0.011896147795
695602698,695595039,292.877,0.0,8.78631,0.0,0.18198527436700002
8185515781,2051584156,43.928,124.5020784225486,2.63570472738573,1104.3187359629062,0.027295585288
206191824,2008877556,43.646,304.5364516144775,3.1506554454606297,2797.458914374709,0.027120358666000002
412543167,206191824,223.913,573.3820811373351,16.225440439878263,27053.923673044177,0.139133044723
206191823,1552842866,220.228,1367.4800829496453,19.156296009910985,68375.67529769333,0.13684329258800002
206191824,206191828,332.832,2911.918821681133,23.473826534953897,202543.3716937592,0.206812152672
1970887600,290170233,1409.068,1447.3706309298473,235.59267524391188,724757.6428733874,0.875553992228
244157464,3112357479,10.79,1028.589495896814,1.038877046566332,2661.053280976838,0.00670459309
412543167,1552842866,11.818,0.0,0.8508960000000001,0.0,0.007343362478
1970887600,235637281,525.195,1581.3291793238648,42.26646231340963,181954.0279008651,0.32634094234500005
270406510,244157464,2658.491,1572.3716801290532,261.0415487130764,1013845.0402723171,1.651909211161
3112357479,244157497,12.249,330.28368195527264,0.932519283565314,867.0939593643988,0.007611173379
244157464,768474203,1207.888,1320.9848522247223,102.72805861526327,358343.80190461554,0.750546574448
244157497,244157464,12.078,777.2026679924837,0.965211790241838,2050.5521996407415,0.007504918938
4140923290,1356796548,733.987,1192.7129468485548,85.06804162571444,236335.16152316812,0.456078236177
2248585516,323067906,19.101,1206.386244530862,1.438712311747218,4919.674924455006,0.011868807471
1546103598,1546103604,9.952,0.0,0.7165440000000001,0.0,0.006183884192
1546103604,4077774872,999.648,2040.9818229096368,146.30141980425128,654051.6701824552,0.621152277408
2230162964,1613925302,726.394,527.9619496901564,53.524672245337044,81257.06203850974,0.451360166174
252413765,1940728489,2061.046,587.1407259557548,61.832500771070755,273111.8052396355,1.280674214066
2248585516,2248585683,36.654,317.74463337273784,2.640138378648162,2449.518419051333,0.022775732634
1613925302,2230162966,727.75,803.3523792251917,58.973263510365214,128464.56079532516,0.45220274525
252476819,2628438421,59.985,1392.2695080517617,9.208173120884137,27775.346082426895,0.037272939435
6019010078,252476819,11.187,0.0,0.805464,0.0,0.006951277376999999
268018596,252413765,183.199,587.1407259557548,5.4962848525918915,24274.867853029693,0.113834545829
1940728489,268040890,1068.776,587.1407259557548,32.065116838049086,141618.65602153796,0.6641064118960001
2628438421,6019010077,72.427,1392.2695080517617,11.118118773464621,33536.46729535606,0.04500403741700001
6019010078,6019010079,56.789,1344.5336070435364,8.114656991332566,24033.067725013516,0.035287037719
6019010080,252476819,56.907,1392.2695080517617,8.735675715431418,26350.114520507912,0.035360359497
2536543051,2628438421,12.271,0.0,0.8835120000000001,0.0,0.007624843541000001
7125437413,7125437417,12.982,307.5871999356879,0.937224700516626,840.435228157463,0.008066638322
1598889796,7125437417,69.763,47.92038409583046,5.02293703423188,703.0277964023576,0.043348705073
307375258,274716489,14.06,1611.911576991311,33.95635361777501,25157.323581268676,0.00873647626
2042838807,307375258,7.806,767.7298112708038,1.503246826798692,2376.025219461122,0.004850422026
248386845,248386473,22.377,1860.14226975436,1.974366829669578,9518.13610808391,0.013904418867
7241153388,248386474,579.401,842.7524734975918,42.96920827038885,103684.4960133458,0.360022978771
248386473,248386474,12.531,2864.430987373313,4.517002739075946,21963.775017464955,0.007786400001
248386473,7241153388,573.53,768.7228945326631,45.63868212875006,96139.51017679555,0.35637490963
1502779887,5407135851,2120.046,2079.4256386111224,322.4913117601308,1455874.6059475434,1.3173351030659999
1121856192,248386845,197.125,1149.1270861865785,14.65901573534004,48145.04454051564,0.122487758375
1509404658,7241153388,204.335,842.7524734975918,28.246675467156724,52855.88199888905,0.12696784328500002
1502779893,1502779887,13.324,0.0,0.9593280000000001,0.0,0.008279147204
577322007,1546103564,33.146,1778.60924400395,3.807841865389104,15818.63164212985,0.020595963166
1546103598,577322007,35.174,1686.4314185152236,3.7516244669071144,15145.144037490829,0.021856103554
1121856187,1121856192,16.576,0.0,1.193472,0.0,0.010299845696000001
1121856187,8901012585,135.556,1411.505830247863,21.432321802152128,65106.24902945204,0.084230567276
6366276984,6366276983,8.359,0.0,0.6018479999999999,0.0,0.005194040189
1546103534,1546103564,13.911,0.0,1.0015919999999998,0.0,0.008643891981
4892922989,675503714,551.613,1270.545070770182,70.89795214611411,203738.94687162017,0.34275632142300005
294607388,294607391,13.591,0.0,0.978552,0.0,0.008445053261
313159791,736605739,45.372,0.0,3.266784,0.0,0.028192845012
736605739,2056129618,347.069,0.0,24.988968,0.0,0.21565861159900002
313159791,685123983,762.189,0.0,54.877607999999995,0.0,0.473602141119
313159791,736605738,40.984,0.0,2.9508479999999997,0.0,0.025466269064000003
2020003415,2020003420,15.263,0.0,0.91578,0.0,0.009483985573
416865734,6753463629,1585.974,238.63063657401148,114.30168773492521,79612.65801024591,0.9854782503539999
337267056,1509404658,12.509,0.0,1.50108,0.0,0.0077727298390000005
4545916937,4545916936,12.657,0.0,0.911304,0.0,0.007864692747
3088844303,587656943,20.59,353.3464406994481,1.483855310648334,1530.4185624332788,0.01279402889
602232358,602244739,321.878,1052.101331087588,31.730376973759892,82327.50686232086,0.200005654738
443549315,443549316,22.91,0.0,1.6495199999999999,0.0,0.01423560961
1645798454,2050196059,12.532,1132.3914378183667,1.349309951273364,3645.5508211970982,0.007787021372
262555357,933601812,1411.846,56.00272029099001,101.65321325234153,16627.382339108077,0.877280160866
695597115,2755734621,665.387,0.0,39.92322,0.0,0.413452185577
2050196030,1645798452,11.6,0.0,0.8352,0.0,0.0072079036
262404428,301351637,2054.336,1193.2364999336785,238.25304900935916,662067.6469726404,1.2765048146559999
268675080,1041208313,2270.006,0.0,163.440432,0.0,1.410515898226
270625170,416865742,652.879,1153.5618674663226,72.08586421033014,196715.640167444,0.405680077109
7496365625,2436784978,1651.469,1237.4431174257898,144.93251582269986,466041.2338615887,1.026174943999
4077774871,4077774872,13.479,599.9064576937092,1.008358272683742,1722.2090669165182,0.008375459709
271188388,514863336,859.983,1610.7797379508636,69.76789885448223,304531.8832930448,0.534368496693
274723615,2042944782,132.657,363.3873390307082,9.601482300715986,10154.174516888128,0.082429212747
270625172,2042838851,2000.483,1200.6129175400915,234.20300153140698,652962.5708178402,1.243042122193
3847019588,3847019589,14.137,0.0,1.017864,0.0,0.008784321827000001
279861310,280213609,1011.159,598.8185156831896,75.62382357304017,128948.98426765013,0.628304878989
2383000677,1476399739,714.116,598.8185156831896,53.40820028767499,91068.30167093131,0.443730973036
1375175777,2042838704,216.047,413.4663900775252,15.692350923423565,18837.482446851223,0.134245340437
278428749,1344125792,2286.876,0.0,164.655072,0.0,1.420998426996
1602755709,1727354222,73.855,472.3425087428615,5.397307052715918,7371.127217386404,0.045891355205000005
1602755709,2436784968,302.365,676.9131155335971,22.04230248818908,43212.71731930056,0.187880842415
1596683741,1596683739,167.426,1593.541897436879,12.244372500815052,56388.05908429817,0.104033661046
1596683750,7125437413,192.414,1591.2411301982006,40.613879079521304,130175.35377921526,0.119560479594
1869378336,7425311527,202.734,260.0110715714095,14.59917538237332,11085.802045177175,0.125973028314
1942590570,5796522790,75.058,1883.7954156706976,9.454348361848087,40500.93506114647,0.046638864518000006
2230162966,2230162964,10.81,0.0,0.7783199999999999,0.0,0.00671702051
1679931187,8922440702,68.172,1733.4942561481778,7.546155905019299,30919.378942523355,0.042360103812
8922440825,8922440784,191.744,768.7228945326631,15.2580396249456,32141.604169510727,0.11914416102400001
6019010079,6019010080,11.916,0.0,0.8579519999999999,0.0,0.007404256836000001
6019010077,6019010076,11.555,0.0,0.83196,0.0,0.007179941905
3847019593,3847019594,14.56,0.0,1.0483200000000001,0.0,0.00904716176
7425311526,7425311594,294.691,0.0,13.261095,0.0,0.183112441361
6753463622,6753463628,266.668,460.1885384930055,19.459526305159784,25917.660770325467,0.165699761828
7425311342,7425311483,1765.316,292.20559302837967,90.98709376380489,102956.753072224,1.096916168236
2056129618,7555079367,20.253,0.0,1.4582160000000002,0.0,0.012584626863000001
8920464606,8920464607,10.183,0.0,0.733176,0.0,0.006327420893
753028445,5580969158,50.006,768.7228945326631,3.979230273098658,8382.390364760047,0.031072278226000002
2799872747,695602695,492.166,0.0,14.76498,0.0,0.305817679586
1285360345,2824229426,79.657,363.3873390307082,5.765434734903798,6097.31170983632,0.049496549747
1298491634,4603864606,428.694,1856.8873313443955,141.42550960959906,461540.6443205988,0.266378019474
8901012585,8901012586,10.434,0.0,0.751248,0.0,0.0064833850139999994
5072122142,5072122141,12.697,0.0,0.914184,0.0,0.007889547587
1387922659,1387922660,13.476,0.0,0.970272,0.0,0.008373595596
1387922658,1387922663,13.365,0.0,0.96228,0.0,0.008304623415
2774676495,4603509098,74.74,1909.3848592434708,26.930601596887705,87302.71513665943,0.04644126854
1747531131,2298537955,11.022,0.0,0.793584,0.0,0.006848751162
3273797701,1560223686,186.742,895.0952502393017,13.60794356255202,35285.92728854133,0.116036063282
1560223468,1906766898,282.035,2690.942747301019,27.643707014657135,183876.6112186688,0.175248369985
1560223241,3273797696,1047.414,1774.0188883439523,80.56087810508424,399775.608607558,0.650832684594
1560223404,3273797701,11.757,895.0952502393017,0.878842144963752,2240.73360588621,0.007305458847
26729514,26736227,358.473,1532.2668523981529,68.6748447680433,216903.73254249926,0.222744726483
26729514,26736226,13.862,797.4303669962494,1.119655603528626,2425.5435468549267,0.008613444802
26736227,26729491,10.513,1532.2668523981529,2.014039113256614,6361.173478112146,0.0065324733230000005
26736227,26736225,78.012,345.09472375518044,5.640864555876792,5669.043900861993,0.048474394452000004
26624530,26642117,43.982,581.6102611509946,3.275875637772918,5439.854245761223,0.027329139322
270182847,26624530,340.704,1056.9085257988147,33.75286490058485,87799.85239730857,0.211703585184
26736226,26736228,62.677,529.1044596969036,4.6193006358489,7026.917423818399,0.038945670167
26624530,26740525,87.667,475.29826464782,6.409076710948554,8805.468917928674,0.054473731457000005
26642117,26729524,15.697,2067.624963985528,7.353334984761702,22911.164911475604,0.009753660587
26740507,26642117,13.774,2487.591147518399,12.433221032165513,31294.02629435291,0.008558764154
26740525,26731267,343.066,1476.874709331687,60.105287761632276,186716.80469673622,0.213171263486
26642117,26740525,52.566,1001.5764446838666,4.932239466252006,12439.942328874195,0.032662987986
26729524,26624540,427.893,785.853404516568,31.02954838776998,70873.97519111742,0.265880301303
26734489,26624540,17.358,2135.0402585984857,9.073807125291774,27574.701186527403,0.010785757818000001
26624540,26682630,18.372,384.5648726789479,1.331500487179992,1488.8621807344132,0.011415828012
26624540,26731191,447.316,2536.328790436105,57.30383617468423,329017.26729749347,0.277949190236
1064688236,26736502,15.927,871.7101369664673,1.346237604206226,3109.003875860505,0.009896575917
1064688236,1064688183,12.163,0.0,0.8757360000000001,0.0,0.007557735473000001
26917306,26624513,102.053,1148.526457485288,11.199905805505896,30491.638567852824,0.063412774663
26736502,26736497,101.584,871.7101369664673,8.58643817327091,19829.537874390266,0.063121351664
26624517,26627429,72.274,529.1044596969036,5.32660041411273,8102.867557302535,0.044908967654
26736228,26624517,103.741,529.1044596969036,7.645721193796781,11630.732812105647,0.064461648911
1064688183,1189251454,128.166,1148.526457485288,14.065702404323916,38293.74294422923,0.079638635586
26736229,26624517,18.134,0.0,1.305648,0.0,0.011267941714
26627429,26729471,23.694,1631.291463849023,5.34571544547054,17271.731521375885,0.014722764474
26627372,26627429,19.905,1102.1870041521197,2.070380790527088,5512.129585797129,0.012368389755
26736229,26729512,102.165,1043.536560581512,9.983965122634103,25784.96372638714,0.063482368215
26627372,26736229,71.203,1043.536560581512,6.958236858287244,17970.604142416127,0.044243479313
26624556,26624521,305.007,405.1579069367045,21.995720699956028,26000.358763731987,0.189522504597
26751262,26624521,11.839,1307.482954463722,1.602934056759378,4677.38215420133,0.007356411269
26624521,26736227,15.091,345.09472375518044,1.091194777889766,1096.6459199598537,0.009377109760999999
26624521,26736226,363.171,1367.5461376452452,53.70237976995959,160479.43814772647,0.225663927441
26682583,26682654,128.998,1879.3353222720957,44.194387247838954,143876.12880561242,0.080155616258
26751262,26682583,295.375,846.2765803885169,24.553469724854274,55547.162319550116,0.183537459125
27603959,26624556,12.043,1477.552801252484,2.112222097844412,6563.034057438404,0.007483170953
26682583,26682657,13.832,39.336152432200734,0.9959047183880579,114.42053826658979,0.008594803672
26627346,26848935,525.201,98.98612233697436,37.81468805502214,10932.705815094701,0.32634467057100003
26849003,26627346,422.108,655.5727898923576,57.45215376761592,83948.17486518761,0.262285670068
663977268,26627346,14.046,0.0,1.011312,0.0,0.008727777066
26627346,27374459,22.601,383.4408450602978,1.796841500812374,1889.0333418302846,0.014043605971
26849074,663977268,695.767,93.74854656952586,50.09638981224121,13716.98174388324,0.432329436557
27374459,447911495,679.7,383.4408450602978,49.257125912852786,54920.37907922282,0.4223458687
663977268,26849000,421.793,633.9313654205577,54.011679010509454,77518.8737702504,0.26208993820300003
27374459,663977268,18.549,60.30783977411806,1.335613161280788,235.25018013159627,0.011525810679
26627359,26907235,18.734,2119.182884586807,9.545016499089066,29189.00638261125,0.011640764314000001
26907212,26627359,45.684,1261.7412565432355,6.308947006399032,17679.036088120778,0.028386712764
26848935,267365408,13.846,881.3897746382609,1.032716526389508,2596.4650589282633,0.008603502866
26848935,26852172,62.25,780.1449209369481,8.303673234049104,14511.816166484288,0.03868034475
26731192,26682630,455.386,2105.7812654610925,44.92781008694884,233237.51459733088,0.282963654206
26731191,26642108,13.803,2547.814173221808,1.78236940874502,10258.443934375924,0.008576783913000001
26682630,26682651,15.198,1886.152103532105,1.355039384825634,6590.027059293061,0.009443596458000001
26682630,27603959,586.443,604.194034607936,69.3481706229753,97006.34792276232,0.36439867335299997
602232365,26624548,762.691,2003.2182749310105,107.5401069645133,476041.92515624093,0.473914069361
26624548,26734555,88.734,2248.311689282612,9.462840203512103,50931.52696152584,0.055136734314
26731191,26731266,166.217,1462.0485777642484,28.4427696022948,87931.46470423501,0.10328242350700001
26731192,26731191,16.983,1473.5339605499505,1.331328951487188,5423.998893744382,0.010552743693000001
602232365,602232364,39.308,147.70846926634087,2.830581890744772,1221.04833599714,0.024424851268
26646224,602232365,39.862,229.86285595505743,2.87247802014186,1927.3884614627048,0.024769090802
26806097,26624548,1875.086,245.0934143516008,135.03518474488004,96651.59754748188,1.165124062906
26734559,26624548,90.176,2440.9258316645714,75.9336633202578,196796.88052764325,0.056032751296
26739129,26806097,1236.951,780.5268377722097,99.01935131142822,211052.30417045593,0.768605479821
26624556,26682583,12.799,1072.3948943157795,1.288727093882004,3379.6542087058792,0.007952927428999999
26734555,26734554,14.089,3551.378314287325,4.0528751925433975,26548.245730205854,0.008754496019
26734559,26734555,37.345,1263.3413049911328,3.096461254627818,10471.992252850607,0.023205099995
26736279,267289966,647.563,5478.8884483661695,41.798142024114554,725348.7496063397,0.402376868873
26627385,26805819,175.2,6207.909137233318,9.669941271006037,217753.13448998882,0.1088641992
26642107,26627378,293.411,4648.795724400706,25.88184378871783,311864.876027507,0.182317086481
267289966,1929853658,144.458,6216.661421800547,7.981497688904742,179810.52815133738,0.089762011918
26805819,237203812,410.47,3610.564304784371,19.984322255060004,295679.6944437212,0.25505415437
26627421,26627401,756.851,1648.5740805619378,34.672220830344294,249252.44144641704,0.470285262721
26736279,26627385,382.058,2296.8863862669905,24.480512711499642,179143.6998849368,0.237399761518
26805819,26738438,241.35,374.251170346121,14.481136944728556,18238.40615993016,0.14996789085
237203812,26627421,565.725,4475.505572388777,50.38321387004121,581730.3133059109,0.351525108975
26840987,26840993,111.196,1561.3006528867522,22.339271751753294,71098.46137102529,0.069093969716
26840994,26627401,328.119,0.0,23.624568,0.0,0.20388363114900002
26627421,26840987,265.201,2826.9314918268383,18.392031425779056,155931.1219433572,0.16478821057100002
26729471,26917306,128.675,1278.559981777137,16.72367916919008,48220.507955633904,0.07995491342500001
26736232,26627440,253.188,7.275838871243157,18.22953601539154,387.3942952590893,0.157323680748
26729637,26840987,32.054,0.0,2.307888,0.0,0.019917426034000003
26729471,26729487,18.541,352.7314820718871,1.3411781081135818,1377.339764414851,0.011520839711
26627364,5209425727,233.337,15.53486929208286,16.800264294795348,762.2865302815546,0.144988845027
26627364,26751256,23.276,1129.9482263265577,1.838458357946988,5717.738265495047,0.014463031396
26907235,26907236,12.983,668.7613338944087,0.945903593533734,1832.7825635861423,0.008067259693
26907235,2055717303,139.12,1450.421550692398,12.654842453766445,46877.9176291177,0.08644513352000001
5209425723,5209425727,28.991,1076.083742423349,15.579281716688136,23506.40811756794,0.018014166661
26751256,26751257,19.316,374.9692771951103,1.3990353602662622,1525.9985405520415,0.012002402236
26627365,26627364,15.627,1145.4830956186406,1.708773131629566,4645.475214249993,0.009710164617
5209425727,26852180,210.496,1091.6186117154316,21.63958030488152,57309.15389962299,0.130796110016
26708504,26627365,226.651,1145.4830956186406,41.30619430653922,98647.59671214143,0.140834358521
26751257,26627365,37.174,0.0,2.676528,0.0,0.023098845554
26751256,263125692,340.717,1134.2711073732055,26.9482133484636,84063.47744767935,0.211711663007
5209425723,26751256,234.394,379.2921582417579,16.897154602970108,18703.156001463085,0.145645634174
26627378,267289966,803.549,737.7729734343742,48.247798903039815,119716.4941738832,0.499302045679
26627378,26627385,590.277,3911.0227509663296,41.729087529577484,482792.1332512444,0.366781009767
26627440,26627372,100.945,1624.7383009401497,7.6586695225780925,35107.57011870306,0.062724295595
26729487,26627372,22.324,520.9852637934821,1.6430043472524059,2463.2641569237917,0.013871486204000001
26704559,26642104,12.875,0.0,0.927,0.0,0.008000151625
26642104,26761215,270.18,685.2272204407932,20.74506627615987,39805.80843860003,0.16788201678
59708459,316252974,14.957,0.0,1.076904,0.0,0.009293846047
316252974,26739650,57.139,1074.9426799888076,5.7689412180294966,15148.849284576701,0.035504517569
26704562,26704559,267.84,1664.5363562186783,22.072110490622673,98685.13112572135,0.16642800863999999
26704562,26761215,16.591,0.0,1.1945519999999998,0.0,0.010309166261000001
3229469783,26642104,34.51,685.2272204407932,2.517320552601162,4993.602463340591,0.021443513209999997
26704559,3229469783,37.195,1664.5363562186783,3.9015267749158262,15638.814928501539,0.023111894345
26642106,26731297,76.296,1099.7628016339895,7.914366048804174,21045.63757661445,0.04740812181600001
26763003,26642106,13.787,1731.2593457722755,3.6793994782987918,12032.660523739183,0.008566841977
26761215,26761220,131.475,685.2272204407932,9.590400453585577,19024.453314045364,0.081694752225
26642106,26763086,17.577,631.4965441382861,1.326180660763524,2371.237622156939,0.010921838067
26704550,26763086,71.887,1113.736619451789,5.649802437734118,17370.840940494385,0.044668497077
26704550,26731297,15.91,0.0,1.14552,0.0,0.00988601261
26763086,26704514,14.295,1101.0770128345468,1.11927192138873,3409.8940359253243,0.008882498445
26763086,26763077,60.48,644.1561507555274,4.39917881064909,8219.343921472493,0.03758051808
26629138,26629140,48.466,1695.3319942009398,4.032355749371514,18265.90479902265,0.030115366886
26738463,26629138,96.205,1695.3319942009398,24.166205288090364,78793.96566255795,0.059778997055
263130724,26627440,388.182,1617.4624620689074,23.67994957515687,127081.53094515264,0.241205037522
26738444,26629138,14.258,0.0,1.026576,0.0,0.008859507717999999
26738752,26629140,14.143,0.6589783641644197,1.0182960000000538,1.959926239528329,0.008788050053
26629140,26739108,1245.573,858.2683727644344,92.57728693588798,227172.39699192467,0.7739629405830001
26738444,26738464,95.946,1695.3710281711749,24.10272929971975,78587.32392738565,0.059618061966
26738752,26738444,61.209,1695.3710281711749,6.573833340001787,26614.370851859283,0.038033497539000004
27501680,26739108,89.792,0.0,6.465024,0.0,0.055794144832
26629160,26739110,14.277,1081.875552801578,1.452224233581816,3827.0407577461283,0.008871313767
27501680,26738752,1198.645,680.3364122619583,91.87291271240925,175220.71868067535,0.7448032422950001
26739108,835558089,14.968,0.0,1.077696,0.0,0.009300681128
26739110,835558089,63.109,680.3364122619583,4.837134971878608,9225.420650166423,0.039214102439000004
59708459,26739110,1850.656,1595.3683903264964,184.6174260654166,722898.8305972253,1.149943969376
26629160,316252974,1858.048,1074.9426799888076,187.59463225252938,492610.8107511363,1.154537143808
26739129,26629160,72.509,1493.1749879355564,13.039470477565752,40715.32825328512,0.045054989839
26729475,26729472,128.067,382.76608054490765,9.232603113092946,10312.677906259774,0.079577119857
26736225,26729491,82.252,382.76608054490765,5.960442949192524,6634.244869269226,0.051109007492
26736225,26646260,454.509,345.09472375518044,32.733387415611546,32987.09858303081,0.282418711839
26646260,26736232,193.915,345.09472375518044,14.021538357596887,14091.583961898828,0.120493157465
26734592,26662370,417.336,7827.382838194995,29.532480503835217,683350.4868495709,0.259320487656
26807994,26745934,207.78,8308.079672264083,16.144608047223187,372853.53606270713,0.12910846638
26662370,26807994,773.091,6999.147047421875,75.03462954025757,1303441.2195479271,0.48037632776100003
26662370,26682601,183.362,1524.4740589988753,13.321890275877522,58952.378928430095,0.113935829302
26662382,26662468,234.429,9189.006323653644,22.021253835536093,509311.55594785325,0.145667382159
26745975,26745970,20.389,1950.7063312755847,2.73305038007619,11928.344534584334,0.012669133318999999
26734552,26807994,80.38,1308.9326248422046,5.375573912323098,21679.627564714676,0.049945800979999996
26662382,26745975,293.25,1838.487685404188,17.69190055611655,108944.83106356814,0.18221704575
26662468,1809204026,343.505,1674.6190884557573,40.4087856862776,156912.39693743954,0.213444045355
26736197,26736196,21.103,1361.706249032471,3.09334280647587,9223.100615180236,0.013112792213000001
26745939,26745975,11.869,3365.432092696288,1.700088289787148,12595.940587342155,0.007375052399
26662468,267286252,324.282,7514.387235197885,37.02137132885445,651036.8456388527,0.201499430622
26642108,26642107,17.023,2016.0558932045456,1.606926321889008,8136.464187849048,0.010577598533
26747669,26642107,507.489,2379.6634108536487,58.60275814002615,325197.9457685785,0.315338947419
26731297,312215682,323.038,1099.7628016339895,187.27099516275626,276747.8940498446,0.200726445098
26642107,26731192,14.339,1177.4800199531758,1.069777705861602,3592.5564412641606,0.008909838769
26731267,26642108,177.114,1476.874709331687,31.030437107185612,96395.91258550173,0.110053503294
26738404,2520200422,19.978,0.0,1.4384160000000001,0.0,0.012413749838000001
26682443,26731192,390.688,2401.835206057865,17.67019897278022,187540.2434516231,0.242762193248
26642108,26738404,511.887,2008.6329893489492,48.15286308349362,243289.5716817739,0.318071737077
26729524,26740508,14.015,2743.820137233208,18.24054768018888,38553.86456993207,0.008708514565
26731266,26729524,386.538,1462.0485777642484,35.39873351604772,131766.806195632,0.240183503598
26738404,254126115,32.492,646.379301719973,2.4624601746933177,4493.896277941898,0.020189586532
26738404,26738407,38.34,1362.2536876289764,2.319732786793794,10558.362009083688,0.02382336414
602232364,602232362,156.443,147.70846926634087,11.265511415838636,4859.684156619533,0.09720914335300002
26729472,26646260,8.518,382.76608054490765,0.6172622312068019,687.0410178042499,0.005292838178
602232364,26646224,9.991,0.0,0.719352,0.0,0.0062081176609999995
602232361,26646224,165.452,229.86285595505743,11.922563679406728,7999.856397720321,0.102807074692
26662485,26662484,402.947,1338.089651037449,24.18864167935063,108877.48321882877,0.25037958033700003
254126115,26738407,37.984,156.86313689235743,2.73491265407349,1253.0022008338037,0.023602156064000002
26662484,254126115,46.622,1338.089651037449,3.383045732748852,13151.484807895156,0.028969558762
26662484,26747684,45.074,0.0,3.2453279999999998,0.0,0.028007676454
2520200415,254126115,16.273,327.6489539952823,1.2367482616730219,1142.0406407304206,0.010111570283
2520200415,26747684,19.497,763.2317335142905,3.7000387196235422,5833.678445476517,0.012114870387
254126115,2520200422,15.242,2174.681531756478,8.492305750192855,25380.994589533486,0.009470936782
254126115,26747684,33.174,541.9119532345945,2.4505890864127498,3812.2433736961757,0.020613361554
26747668,26736280,183.216,1698.8661333419586,11.216425465617379,63033.60799104578,0.113845109136
26805818,26682443,568.77,1182.920496751225,25.716951154493053,134467.82997027083,0.35341718366999997
26662485,26736280,666.979,6076.908701291205,49.7450786868689,862339.865406221,0.41444140820900005
26736280,26736279,322.086,7775.774834633166,22.575486114612154,522457.6181537366,0.200134899906
26725638,26682567,357.821,273.4962219377899,25.80654079325499,20590.81595449745,0.22233959259100003
26982915,26982853,363.602,281.38452703226704,26.228790291465295,21528.340951009937,0.22593173834199998
26982915,26682567,10.044,0.0,1.2052800000000001,0.0,0.006241050324
26682567,28248867,452.656,273.4962219377899,32.60208413485542,26037.056357957976,0.28126731137600003
26662404,26750505,187.099,1305.2120063278085,25.249962452328475,73611.4310797685,0.116257892729
26784426,26750505,380.123,1736.2140288771766,32.0518523682992,147620.91832501994,0.236197408633
26736197,26708454,835.242,3373.078811121556,113.78214976100449,855245.3799395997,0.518995156782
26784928,26662404,22.577,874.3488499322975,1.68208282524177,4198.32293193356,0.014028693067000001
2314503838,26662485,546.15,7986.938066040585,39.830789610466894,921082.3368316344,0.33936177165
267287812,2314503838,185.375,0.0,16.68375,0.0,0.115186649125
26662407,2314503838,680.97,7986.938066040585,90.75491366057685,1624146.4171837128,0.42313500987
267286252,26662407,345.72,10134.93510395616,40.593118387816084,954516.4664072325,0.21482038212000001
26662457,487789301,48.46,1504.0335505311718,4.55168396030031,17231.42167089375,0.030111638660000002
26662466,26662457,13.733,3764.6718901798336,4.728681027555792,30777.22373885306,0.008533287943
270415204,26800044,247.514,8096.552534145898,18.43861959013747,426193.2411600604,0.153798021694
267385837,270415204,476.039,5339.161870466076,63.90390939052923,763100.6240456506,0.295796829469
1809204026,1809204022,284.799,3792.15695645982,25.711648373927925,249905.18128544814,0.176965839429
487732691,1809204026,119.523,2117.5378680040617,12.801356658885403,64794.51983518956,0.074268126033
26750515,26662466,75.964,2096.484037116148,11.757452985549696,53303.76759511582,0.047201826644
26784555,26662466,45.368,1668.1878530636857,4.771962262741254,19150.70327162982,0.028190359528000003
26682574,26763861,28.168,1192.4867415044864,3.2636930412986582,9066.238267731644,0.017502778328
26682574,26787934,210.773,993.5693197265824,19.631338928507123,49279.34452674633,0.130968229783
270737261,26726582,65.318,1218.7854472019717,8.8674369396282,24103.867221230146,0.040586710978
26882245,270737261,64.818,1050.5315082521456,10.632379163421408,23841.723172094014,0.040276025478
26763861,26731233,12.867,677.1484287309316,0.985107960003384,1871.3227201731695,0.007995180657
26763861,26682656,567.943,1470.863897496069,98.5554380046304,305568.5902221497,0.352903309853
26731232,26682574,12.981,636.7782809026376,0.98093058624657,1766.8427303144044,0.008066016951
27787375,26682574,567.61,1549.2777803284323,54.88019920315131,211361.21477187492,0.35269639331
26787037,26787934,636.42,1113.017663659098,67.00871266965291,179356.61744953593,0.39545293181999996
26682582,26682656,12.498,1610.0927159965847,2.721865649431254,8758.88144733633,0.007765894757999999
26787933,26763861,215.798,955.5255847225142,19.439779836090068,47658.735582923255,0.13409061905800002
26787934,601409797,206.552,2106.586983385682,32.3013899336472,146805.15470290315,0.128345422792
26729491,26682582,378.519,1108.0925049867446,39.63273290520903,105825.58310809098,0.235200729549
26682656,26682655,13.421,3080.956613492653,27.198457819812337,44845.92916443246,0.008339420190999999
26682582,26731233,567.394,1246.7861692302338,70.59362049095641,200827.62992091372,0.352562177174
26682654,26682582,13.805,1748.786380240074,3.7948114227366236,12421.131587506006,0.008578026655
28248867,275000460,273.251,1639.2909520844703,28.129342427999717,111814.30542375094,0.169790247121
28248870,28248867,11.881,2189.9967178702946,6.7837769115141064,20137.155947422503,0.007382508851
28248870,26982915,456.147,281.38452703226704,56.391813337001985,36270.25137190674,0.283436517537
28248867,26703925,13.881,824.201987723614,1.1383831020994561,2527.013679191996,0.008625250851
26703925,26682568,212.911,856.0513196019514,91.6906079480029,123221.59764101588,0.132296720981
26984447,26982911,210.258,1145.02570964612,27.812053910794223,71491.3064355663,0.130648223718
26984447,26682568,10.734,0.0,1.2880800000000001,0.0,0.006669796314
26682568,26732947,53.551,856.0513196019514,23.061860337058704,30992.47937060102,0.033275038421
26732947,1319768819,52.372,856.0513196019514,22.554121296940078,30310.136684601912,0.032542442012
26984400,26682569,13.275,554.7332104868001,1.638449232921276,2078.501206191968,0.008248700025
26984439,26984447,54.208,1145.02570964612,60.40631469767132,60033.15274710561,0.033683279168
26984439,26732947,11.216,0.0,0.8075519999999999,0.0,0.006969297136
26984400,26984409,130.484,918.0506558412092,11.405470108083108,27263.559172225727,0.08107897356400001
26736346,26984400,339.142,813.6902775636148,46.07197782823106,83595.95978814787,0.21073300368200001
270737261,26682569,547.513,1050.5315082521456,89.81094468978286,201389.3267166946,0.34020870032300005
26726587,26682569,121.033,672.5994075777386,8.820514096574513,17185.54938000663,0.075206396243
26682640,26682643,316.814,971.0235924962418,24.017490714952537,65832.57041126738,0.196859031994
26682644,26682640,111.373,1981.180415554636,45.23939297501696,144545.98439433615,0.069203952383
26743960,270182847,25.068,514.4649022219148,2.414389792412718,3092.7816076546396,0.015576528228000002
26682640,2306718621,31.531,1010.1568230583936,13.665368840741987,21605.765591687155,0.019592449001
26682643,26734558,1569.611,1656.7911986628665,129.04628359930655,575032.4941097995,0.9753107566810001
312215682,26682643,19.45,1141.476122685487,2.1166976765201277,5743.6001129967435,0.01208566595
2306718621,26743963,31.749,1458.0979665879918,52.0944278832033,48553.06811434109,0.019727907879
26743960,2306718621,636.685,441.4860018942959,45.94496156097882,59152.950863498554,0.395617595135
26734554,26734558,38.425,1381.4288217498536,5.802130063806294,17430.45570935247,0.023876180674999997
26682644,26736206,13.044,0.0,0.9391680000000001,0.0,0.008105163324
26734558,26734559,35.387,1079.4030684966845,3.589905344634042,9448.501876554572,0.021988455577
26734558,26734552,277.878,2021.8628752479403,39.9049000856747,177514.01609599136,0.172665330738
26743963,26736206,104.978,2184.399861615494,59.406590146054825,176787.5430661839,0.065230284838
26734489,26740508,439.579,799.0400637514421,35.536716896539964,77100.76477367197,0.273141642809
26736218,26682644,14.376,1981.180415554636,5.839489942884216,18657.960831197655,0.008932829496
26736206,26736219,12.288,2184.399861615494,6.9537253492610045,20693.52939851462,0.007635406848
26682657,27603959,14.573,873.3587666445483,1.233174879374742,2851.580449702725,0.009055239583
26682657,26682651,592.91,479.9825365723038,53.611895805468215,65905.77270335444,0.36841707961
26731233,26731232,27.629,1379.244858477054,4.158176731426176,12481.469248911453,0.017167859359
26731233,272427530,23.404,544.6897394841118,1.729776263406954,2703.7732987141926,0.014542566884
26682655,26682654,13.56,1279.1527867214709,1.763829834504048,5087.029028592122,0.008425790760000001
26682651,26734489,17.059,709.8120588206247,1.322184348276798,2612.8262476603163,0.010599967889
26682655,26682657,132.968,1801.8038267711831,39.974408871823385,130892.09348165996,0.082622459128
26682654,26751262,355.703,1346.819106895923,50.99877532618578,151178.19470311585,0.221023528813
26682636,270182847,356.746,542.4436235768994,36.40594290827386,48043.89902317605,0.221671618766
26682643,26682636,17.327,455.7085165188625,1.263753833968782,1667.3515715431374,0.010766495317000002
26682651,254336392,867.518,1656.3225812837843,204.09440781561005,662139.4243516434,0.5390505271780001
26682636,26708501,18.827,2083.2143854794344,9.047266321232172,28037.897452102432,0.011698551817000002
26708501,26704550,322.231,2083.1420623972344,49.201296469272386,222323.55462969188,0.200224998701
270182848,26708501,370.505,767.9428929968014,71.39992031598055,112867.5486305436,0.230221062355
26734554,26682636,1574.408,2169.9494925374725,262.9318087254504,1212987.0874434814,0.9782914733679999
26708501,312215682,18.586,768.0152160790012,1.478464275394422,3112.2117868771616,0.011548801406
3378459427,3378459431,13.788,0.0,0.9927360000000001,0.0,0.008567463348
3378459431,1263312256,133.874,3730.453236118752,50.293213973852254,313069.7938966023,0.083185421254
1472911017,25665646,338.382,2440.1819911750563,119.60470365975351,499381.909773999,0.210260761722
3602294175,25665646,12.566,1290.2712449436938,1.1812231783898401,3834.8794765749353,0.007808147986000001
29219439,25665883,15.172,5268.464192219754,6.89184611239113,55557.36741651016,0.009427440812
5747234980,25665883,41.065,1833.8959237369768,4.946950669761426,20889.998753258536,0.025516600115
25665883,262469634,29.593,3263.1907708897866,16.50876042395058,73984.45286476807,0.018388232003
25665883,283038325,828.459,3839.1693450669454,341.86645311271354,2101622.0632530013,0.5147803972889999
258045538,262469634,85.577,3795.7014929140055,14.974751823865176,119590.78331432547,0.053175066067
283045467,283038325,19.154,96.73023636848174,1.379124376012488,389.6299606484211,0.011901740134
262469634,29219441,15.547,5948.331626122889,10.776246354123954,77350.68362330872,0.009660454937
262469634,28373970,94.559,1155.1170781752796,10.460102800054644,28565.33926366848,0.058756220389
26162585,27252358,2003.042,1927.3275421477613,187.55772237537676,911122.7679058985,1.244632210582
30134829,26162585,26.889,2695.88922849542,2.640687400134888,17583.20689272806,0.016708044819
30134824,26162585,34.185,1113.3628696898973,3.600753883467654,9639.463733528493,0.021241567635000003
26905934,26162585,13.129,1.0811115672933702,0.945288000000384,2.984895920417462,0.008157979859
283038325,25663747,640.88,2403.3677475934383,56.75216299743499,352860.9461015441,0.39822424648
283038326,283045467,11.549,2480.388890781084,1.516996005728106,8462.32135831242,0.007176213679
2098466408,1818648902,27.926,467.34957776788303,2.0124781872860162,2745.3627901366754,0.017352406546
25663747,283038326,638.709,2480.388890781084,83.89635482055544,468002.4948001015,0.396875250039
25664099,26869274,14.802,2710.816548344052,3.865215562131336,19923.119018313402,0.009197533542
25664099,1711812123,130.686,1499.966442603707,23.759720703777102,74343.24053803511,0.08120449050600001
283038326,6171409044,304.128,1532.5318338419893,58.28880634819451,184113.78354112912,0.188976319488
283038325,283038326,18.76,1532.5318338419893,3.595519015322916,11356.976599430414,0.011656919960000001
26869274,26869714,322.089,2824.722724822639,92.24165215304379,481297.8528017427,0.200136764019
1711812137,26869274,130.041,2059.9224958175946,12.537416325243973,64277.57359241262,0.080803706211
26822752,25664099,16.838,1423.0986603909091,1.5082545018109559,5521.9742094722,0.010462644898
26869274,26869275,19.549,1946.0163193390067,2.6088295389480356,11371.565241301088,0.012147181679
1769589073,2010745299,236.728,1444.7338976893602,18.44267527395324,73946.86999958681,0.14709591408800002
25665646,3378459431,79.153,3730.453236118752,29.735861822850797,185102.50979501443,0.049183378763
1711812137,1711812123,9.829,0.0,0.707688,0.0,0.006107455559
1711812123,430206552,178.388,825.4396867389987,14.64037978029281,32534.54607910706,0.110845129948
26906162,26905938,1714.799,1874.313731489292,156.65085233008463,748392.9120784224,1.065526369429
31388524,26906162,257.004,436.1481244817189,21.7320575013174,25105.57899856237,0.15969483248400002
2485233905,26162593,612.539,2092.533599236383,49.929636776151554,282359.9561525587,0.380613970969
26906162,26906147,25.222,905.824934864868,2.184336157863012,5176.034898230515,0.015672219362
26162595,26739663,16.185,244.6491088062026,1.166577748671516,832.971485982468,0.010056889635
26162595,26739656,294.318,1661.806406682544,30.808792837120688,123382.96934092189,0.18288066997799998
31388524,31388502,15.655,0.0,1.12716,0.0,0.009727563005
31388502,26925680,162.653,188.7476170502025,11.782665733792637,6468.552387644197,0.101067857263
26739663,26739662,16.846,758.4282725687741,1.333821789301872,2780.333164483383,0.010467615866
26739663,26739684,145.393,570.9714555855469,10.80349884646803,17639.31778977201,0.090342993803
26739661,26162595,15.337,1470.1444605433808,2.658393042078726,8240.350998442753,0.009529967027
1610906014,26162595,202.342,436.3110549453656,14.72769005765262,18629.869825392227,0.12572945088200002
26739656,26739651,793.138,1301.8422523356207,106.52435193169073,310123.33330007835,0.49283295219800005
26739708,26162601,14.842,806.7493246391293,1.205004877527942,2633.177260306104,0.009222388382
26739654,26739663,297.86,1084.7506193481186,30.39211630240779,80209.66928028972,0.18508156606
26739654,26739656,16.049,225.48992195943976,1.156428042740796,761.2161992732398,0.009972383179
26905934,26905939,149.228,3464.420126440091,21.409917501464857,163228.70521281444,0.09272595158800001
27252359,26905934,1998.739,2352.138368317486,174.263234044075,1068630.264689598,1.241958451169
26739708,30134824,1655.034,1113.3628696898973,174.32704703147618,466685.3947859181,1.028390131614
30134829,30134824,46.571,602.8201136107313,5.487596941813746,7666.87936955016,0.028937868841
27252359,27252358,22.803,1125.8106944992728,1.798778187188148,5578.130507577885,0.014169122913000001
26162586,26905939,14.784,770.762041226666,1.0868050656325379,2412.439329053035,0.009186348864
27252358,27252357,16.319,1927.3275421477613,1.528053067006968,7423.015817669497,0.010140153349
27252358,27252285,311.735,1125.8106944992728,33.30801696440965,89707.7998532744,0.19370308868500002
26905938,26162586,14.38,3420.365414041666,2.011827205416858,15234.3945970046,0.008935314980000001
26905939,26905940,12.811,2286.3553534533808,1.096078756741452,6596.897429128225,0.007960383881
26162586,30134829,121.602,3298.7093421061504,15.899084503359138,118092.01145156907,0.07555995634200001
26739662,26162586,1884.326,649.1059692911527,142.92793631372447,261797.19297830964,1.170865530946
26162593,31388502,247.427,349.13198712981085,19.090689852083656,18607.86581944165,0.153743962417
26906146,26162593,26.153,600.5889297658692,1.956829774988472,3345.5659771633586,0.016250715763
26905939,26905937,38.81,1948.826814213376,14.937802185944568,48076.91787056398,0.024115408510000002
26162593,26906162,16.445,2343.990541872441,1.9624725631764002,10621.320485962635,0.010218446095
316253565,26190960,18.168,0.0,1.3080960000000001,0.0,0.011289068328
316253565,26848657,107.919,1552.711154571729,10.458000366008694,40328.08134337102,0.067057736949
26917671,26190958,2208.032,1552.711154571729,213.9715848382483,825116.0046402044,1.3720070518720002
26190960,26190958,41.565,1476.265230027741,7.275126641226996,22595.72898826278,0.025827285615
26848672,26190960,88.782,1476.265230027741,15.539523480366059,48264.02047482127,0.055166560122
26190965,27253800,15.327,198.4830660855,1.104060009395244,639.8397057690551,0.009523753317
26917671,26906848,64.145,1476.924314915208,5.926227994494917,22194.34290313019,0.039857842795
26729624,26917671,63.86,1553.370239459196,12.66349709897376,40222.65509433467,0.03968075206
27253800,26190978,32.344,986.9105027078118,2.994365102367198,7486.55056594885,0.020097623624
27253800,26190971,588.813,436.3110549453656,49.800623721154224,57546.00311209935,0.365871322623
26190965,27253400,91.095,1383.693619397142,13.802547488890104,41500.303141552526,0.056603791245
27253799,26190965,31.002,1582.1766854826412,6.446354700384187,20619.666107991387,0.019263743742
27253400,27253415,65.29,1383.693619397142,9.892621170751793,29744.27566948748,0.04056931259
26190971,1192894750,217.848,436.3110549453656,15.856311708293422,20057.525781706427,0.13536442960800002
27253401,27253800,97.855,1224.7384915676769,11.82154662023715,33311.18864517304,0.060804259205
27253401,27253400,15.638,0.0,1.125936,0.0,0.009716999698
26739690,26162601,808.432,570.9714555855469,60.070940000191506,98080.29932267003,0.502336200272
26739708,26739693,804.085,756.8723193986467,63.61811256803936,132397.31064742742,0.49963510053500004
26162601,88359640,662.134,841.4035124487447,54.87260837242433,123630.52603098637,0.411430865714
26804478,26162601,1987.622,926.5532568493022,149.38585322094553,392881.899649758,1.235050669762
88359640,456316346,332.335,841.4035124487447,27.541386340906286,62052.01797295994,0.20650333128499998
26806097,26804478,2221.337,477.5944304456962,162.4432856012024,224215.59757105168,1.380274393027
88358846,26739708,655.851,1125.8106944992728,70.07585363890816,188733.8612654012,0.407526791721
88358846,88359640,13.801,0.0,0.9936720000000001,0.0,0.008575541171
26162609,634584245,100.292,841.4035124487447,8.311434904244729,18726.047471810383,0.062318540332
26739715,26162609,629.276,841.4035124487447,52.14958831016939,117495.43581612632,0.391013857396
26739654,26804478,2448.012,645.7962360878038,185.49325249225302,338251.52381083445,1.521123664452
26739720,26162609,9.942,0.0,0.715824,0.0,0.006177670482
6226478747,634584245,122.407,1125.8106944992728,13.07884720215084,35224.991279900416,0.076060159997
26190958,316253565,26.345,1552.711154571729,5.218594300842774,16572.83566879141,0.016370018995
26739720,26739716,628.956,1125.8106944992728,67.20219775728499,180994.30273955778,0.390815018676
634584245,26739720,99.698,1125.8106944992728,10.652453767840356,28690.035542277143,0.061949445958
27252289,27252357,311.652,841.4035124487447,23.108256253414456,55677.677567327635,0.193651514892
26280890,27318588,82.462,0.0,5.937264,0.0,0.051239495402000006
27252285,29808709,351.591,1125.8106944992728,37.56651961612829,101177.13781966284,0.218468451261
27252285,27252289,15.77,0.0,1.13544,0.0,0.00979902067
27318588,27134823,166.063,0.0,11.956536,0.0,0.103186732373
26280895,27251209,11.247,886.4572089075425,0.8206740907062661,2105.5941059111283,0.006988559637
27318589,26280890,82.962,1047.045320303661,40.580564775563325,62636.09002428036,0.051550180902
27318589,27318588,12.177,0.0,0.876744,0.0,0.007566434667
27251209,27135253,14.468,0.0,1.0416960000000002,0.0,0.008989995628
27251209,26602206,1069.149,886.4572089075425,82.21953386306336,203896.40285327315,0.664338183279
26602423,26280895,13.916,886.4572089075425,1.0701661164518579,2653.9073058162558,0.008646998836
27134827,26280895,2295.817,0.0,165.298824,0.0,1.426554105107
130101293,26554155,493.071,1053.835392631629,48.69300717897717,126455.8690701472,0.30638002034100004
26554172,27538873,17.801,1053.835392631629,1.757929833214632,4565.348449447827,0.011061025171
26554172,26554155,199.831,1994.910860940466,83.04145360891286,264414.8648524082,0.12416918830099999
26554155,30027164,480.028,1994.910860940466,44.86936967438086,225786.76720714328,0.298275478388
1192894750,1610906014,116.324,436.3110549453656,8.466773177424276,10710.089737024064,0.072280360204
26190972,26190978,603.297,483.0205383154027,73.58290842206489,81550.53657001555,0.374871260187
26190972,26190971,32.887,0.0,2.367864,0.0,0.020435028077
1192892996,1192894750,12.852,0.0,0.9253439999999999,0.0,0.007985860092
26190978,733557825,44.559,1097.2838742070578,25.628372344602408,37959.3294017294,0.027687670389
733557821,27253799,54.604,1209.5295186664848,44.49326183360121,58431.41131826051,0.033929342084
1192892996,26190972,230.877,483.0205383154027,16.895758952318083,23574.374681108762,0.143460272367
26190978,27253799,16.322,372.6471668161568,1.1820116504623621,1281.4224410084264,0.010142017462
26190998,274115813,672.955,1047.045320303661,42.272165162732094,143305.72474691866,0.41815472130500003
27088393,274115813,1063.656,3640.6795389186336,68.3857153082861,791060.1949783888,0.660924992376
733557821,733557825,11.321,0.0,0.8151120000000001,0.0,0.007034541091
733557825,27253363,173.154,1097.2838742070578,99.59054702657792,147508.01685915422,0.107592874134
6226478747,26191011,39.197,841.4035124487447,3.248347963363782,7318.6782869276885,0.024355879087
29808709,6226478747,36.309,1125.8106944992728,3.879515575603476,10448.619836952996,0.022561359639
29808709,26191011,15.952,0.0,1.148544,0.0,0.009912110192000001
26191011,27252289,363.397,841.4035124487447,30.11556764146515,67851.76756983082,0.225804357287
27212626,26554190,15.925,2272.107201938616,1.722015216999918,9321.293737881477,0.009895333175
26554191,27538881,15.652,372.09205642026456,1.1334524570754239,1226.9775467125503,0.009725698892
26554190,26554191,17.039,1683.580889912295,1.8133804049020439,7313.824978532809,0.010587540469000001
26554190,1809170958,313.207,1704.8695717001365,14.384896355678269,106661.23676860059,0.194617746797
27538910,1809170958,733.444,6089.066670271,54.87637521698447,951226.3217163612,0.455740831724
27538881,27212626,16.048,2998.0027494906817,6.71053958435637,32019.426139440624,0.009971761808
205325342,26554191,349.403,683.4220274484347,15.724788442630164,47733.335250487384,0.21710889151300003
1809170958,1809170959,295.363,7793.936241971141,20.7719129065351,480691.87892251124,0.18353000267300001
29653735,26704787,2867.553,2000.865881325151,571.311926938103,2334817.2016919083,1.781814275163
26554203,29653735,290.97,810.5398532656757,23.67412361937201,51912.62270185976,0.18080031987000003
26554200,29653735,40.897,1190.3260280594748,3.073325590243542,10384.710642165006,0.025412209786999998
26554200,26554203,294.029,452.9137824733082,21.43847342370573,28117.60239569536,0.182701093759
26569788,26568695,153.755,2029.276230011901,15.158799900274207,75857.27666756597,0.095538898105
301571464,26568695,13.868,644.9086606148232,1.0175390015762882,1892.267860040403,0.008617173028
26568695,6083366760,12.533,1191.070603304658,0.941928028405518,3184.5330676399035,0.007787642743
26568695,327761280,59.64,1483.1142873220658,10.553624345304161,32849.975481488844,0.03705856644
130101293,30027164,21.896,0.0,1.576512,0.0,0.013605539416
27538873,27538881,190.088,2625.910693070417,25.939863694563023,151723.16958927724,0.11811517064799999
26554191,26554172,206.17,1994.910860940466,28.835635239703038,127363.76114506608,0.12810805907
30027164,274107527,12.991,1994.910860940466,1.214299960502052,6110.46833265557,0.008072230661
2242686075,26554177,467.523,725.8955475520668,33.83764524975504,71485.55410049182,0.290505234033
26554177,3166519861,364.318,1349.3779675092642,52.43212720391449,155583.24739190354,0.226376639978
27538910,27538873,259.379,1572.075300438789,11.8460352042948,81465.61316090618,0.16117058860900002
235637267,26554177,12.456,661.6307234057805,0.94861030939326,1766.561297915038,0.007739797176
26554203,235637267,226.49,452.9137824733082,16.514016800162942,21658.937610239253,0.14073431779
3166519757,235637267,356.586,1398.859248248967,31.52481261383564,114177.29247531346,0.221572199406
235637281,26554177,102.027,1581.3291793238648,21.185140226018763,67750.73763508085,0.063396619017
235637267,235637281,111.393,1447.3706309298473,18.624633355838803,57295.26759006326,0.06921637980300001
3166519861,3166519757,10.659,0.0,0.767448,0.0,0.0066231934890000005
3166519861,29683688,953.901,1349.3779675092642,137.28407207972495,407366.6831459993,0.592726418271
2242686075,26554190,77.993,551.7093058934208,5.646458672456304,9064.552222981996,0.048462588402999995
27212626,2242686075,77.975,725.8955475520668,6.083832912165594,12245.190413949402,0.048451403724999995
26704941,443551443,48.895,953.3229354516836,3.583766912442024,9858.755752613391,0.030381935045000003
26704940,26704941,14.554,1695.9173855663091,1.2366718493675941,5540.865692016048,0.009043433534
26704940,32350733,2830.713,966.7287849809456,214.40523956197745,585420.028125865,1.7589229675230003
26704941,26704942,19.098,1620.2658086956046,1.9390500651790379,7658.30203846373,0.011866943357999999
276997292,276997303,400.389,2032.298507189597,32.21676853684405,178261.09204784824,0.248790113319
276997303,276997292,395.916,1191.669955367318,28.902080202987666,99655.64219282848,0.246010720836
276997292,26569788,1259.781,1191.669955367318,110.87153147516175,342845.4498562659,0.782791379751
301571464,26569788,167.553,1780.364970407719,25.427220200718732,98334.15478160956,0.104112575163
3354531421,26570024,67.067,355.99070750201093,4.83343935489825,5022.321623022793,0.04167348885699999
3949861834,26570024,13.833,1483.1142873220658,1.282760996161632,4816.0903732851675,0.008595425043
26570024,3949861833,13.09,0.9954512099876586,0.942480000000276,2.7402277204979972,0.00813374639
26570024,26570025,56.278,1838.1095436140888,17.987781384931328,58794.75648429312,0.034969517138
26570025,3949861833,57.705,2187.9217291551986,9.820832748020575,45490.0656222994,0.035856213555
271188413,26570025,438.2,2187.9217291551986,249.37459128844117,740942.3095485268,0.2722847722
3949861833,3949861834,8.119,1513.18592629923,1.507943455397394,4736.917758156304,0.005044911149
3949861833,4545916936,171.724,675.7312540659549,13.140792819034548,24917.921542553395,0.106704313604
339532008,327761280,632.682,675.7312540659549,48.41456687668827,91804.99194862552,0.393130247022
26569509,270537507,13.489,1966.6150258842588,1.2447624572443259,6210.737158425565,0.008381673419
6083366760,301571470,14.336,1866.801857370613,2.414324321306064,9564.160092407146,0.008907974656
327761280,6083366760,57.362,675.7312540659549,4.3894980182470675,8323.48312131063,0.035643083302
30096731,26569509,982.086,2352.867796796597,111.51640116394353,615084.2350302233,0.610239759906
270537507,30051645,13.257,2752.8718963285924,2.148362792496996,12658.06816675087,0.008237515347
26569509,249171192,2818.508,1139.5540135841532,210.38543027296578,683537.9845127236,1.7513391344679998
270546177,26569509,12.337,1892.2637318526608,1.136291550452946,5459.916872295681,0.007665854027
249171219,249171192,13.971,794.4712604445692,0.8047505839259581,2230.332412634726,0.008681174241000001
249171192,281196665,1914.027,1588.6236402276509,59.94097892904905,659467.6611942045,1.189320871017
270537507,26569510,54.115,877.6713585809787,4.033870022632627,10103.03623706048,0.033625491665
249171219,270537507,2821.239,1663.9282290253132,169.31450891101073,947904.1495517158,1.7530360986690001
26569510,26704941,2841.685,877.6713585809787,241.1785025979953,559574.1593949241,1.765740650135
32350733,30051645,57.302,966.7287849809456,4.193597930505126,11710.485934158345,0.035605801042
1613925302,249171192,2978.807,527.9619496901564,215.4658362510488,331209.83504941885,1.8509442843969999
32350733,26569510,14.188,0.0,1.021536,0.0,0.008816011748
27433426,443546729,457.094,1647.1070613077045,105.89002677439937,343044.4871908067,0.284024955874
29046464,2055717313,494.186,2016.1938729193,70.5727804408364,313471.72202202526,0.307072849006
29046465,27433426,51.676,2543.3824216284165,12.986348346602094,63514.73199715275,0.032109967796000005
27434215,27433426,128.628,1452.2108446620605,10.03682144266065,40412.5677210011,0.079925708988
26848801,26583825,490.54,1648.5740805619378,67.0521560006968,246119.67540778025,0.30480733034
1420372623,26583825,37.22,2435.8792042253385,51.841999712147384,92197.15081207584,0.02312742862
2055717303,29046464,497.525,1450.421550692398,83.5855586888218,257402.3100079625,0.309147606775
26583825,1420372616,35.501,2615.263292706453,16.120335599835027,64519.29692120668,0.022059291871
1420372616,26907788,233.159,825.4438989082399,19.13550720265998,42523.98882344701,0.14487824098899998
26848801,618259635,177.187,1486.7821758250398,16.46736921471562,61917.25291833353,0.110098863377
1420372623,1420372616,11.164,0.0,1.33968,0.0,0.006936985844
1420372616,26848991,24.621,1789.8193937982146,12.089295690544025,31834.276575586904,0.015298775391
26583827,1633224448,378.994,765.9594153749431,27.84654887034473,61448.13091534065,0.23549588077400002
26907678,26583827,50.178,1150.3469822786003,3.731944426616472,12268.862354672583,0.031179154038
26627401,26848801,137.241,1648.5740805619378,31.87130772014441,103275.480731127,0.085277577411
26583827,26849033,14.54,1550.2004399750897,1.0616339212106458,4761.268344560636,0.00903473434
26583753,271188391,10.594,642.2000818497252,0.8018564101063139,1455.0819709079055,0.006582804374
26583755,26583753,12.056,2470.64471297008,2.792833736729856,13571.59802666038,0.007491248775999999
271188413,271188391,98.244,1838.1095436140888,11.879008134630396,50224.293815195866,0.061045972524
26583753,271188413,99.626,2187.9217291551986,56.69601330831183,168455.3138545904,0.061904707246
271188391,6053028362,643.06,657.8476023255331,48.91283800373439,90638.61127869991,0.39957883526
26583755,1941979001,50.344,492.0281579720508,3.688773038000922,5238.5207833918275,0.031282301624
1941979001,26583753,50.152,359.4770980348418,3.612079428506946,3791.6586726216915,0.031162998392000003
271188391,271188390,10.82,1822.4620231382803,1.290489530688258,5431.292457690985,0.006723234220000001
422567738,1941979001,1650.684,359.4770980348418,118.88661906535256,124797.22253066419,1.025687167764
26583761,29046465,44.111,1645.7884825407443,10.196193690578038,33024.855672000755,0.027409296181
271188388,26583755,49.854,1162.0061670347577,6.631598618150418,17274.697264374998,0.030977829834
271188390,26583755,10.915,1800.6667039073734,1.27757823745356,5342.468864871384,0.006782264465
443546728,26583761,456.411,1620.9351573559125,37.13333680039931,162841.24471702476,0.283600559481
4548431296,29046465,718.654,2543.3824216284165,92.51425450685203,531971.4418713661,0.446550754634
27433426,26583761,15.921,2345.827360029421,1.79995582092432,9911.971880555897,0.009892847691
29046464,26583761,480.159,1450.421550692398,37.45248395400557,150648.83289425867,0.298356877989
26602206,26914869,100.128,364.55846224403126,7.209526753412328,7676.364879260788,0.062216635488
26602206,725278065,842.72,521.8987466635111,61.17215459909433,92729.40296160697,0.52364176912
27135253,26602423,11.13,0.0,0.80136,0.0,0.006915859230000001
27135253,300951343,25.111,0.0,1.807992,0.0,0.015603247181
26914806,725278065,129.354,1054.6734154358433,9.341609824236523,28716.82010374045,0.08037682433400001
26602210,26914815,253.592,622.3068171328817,15.221088832650768,31866.746132137978,0.157574714632
26914869,26914815,364.552,82.93867279056232,21.873122525795555,6105.094973162487,0.22652204079200003
26914869,725279947,209.646,281.6197894534689,15.09474370259007,12415.918835594945,0.130267944666
725279947,26914863,144.063,281.6323145274994,10.372695248012867,8532.259467170388,0.089516570373
26602423,27134827,2301.929,0.0,165.738888,0.0,1.4303519246590002
26602210,725279947,286.301,0.012525074030483,25.76709,0.8284105443026977,0.177899138671
26914852,26602210,103.648,622.3193422069118,6.2211562738442945,13024.823314213858,0.064403861408
26736502,26624513,12.18,0.0,0.8769600000000001,0.0,0.00756829878
26624513,1064688183,16.34,1148.526457485288,1.7932492024924922,4882.104143912626,0.01015320214
300951340,26602423,25.234,0.0,1.816848,0.0,0.015679675814
268072502,26926430,106.52,1329.7811078344043,7.727965269533232,29859.560175915365,0.06618843892
26849033,1638700883,334.065,1784.2975521767785,20.5397045178387,120792.88240061581,0.207578303115
1633224455,26849033,398.814,1947.849535041948,53.314522321774625,232508.2411368496,0.247811453994
573213381,26583827,242.692,1165.8128730714325,14.62716191326344,57165.13231781838,0.15080177073200002
26849033,26848988,49.968,1713.752422840259,12.947250236304702,42287.63296414897,0.031048666128000002
26907224,26583831,12.796,0.0,1.53552,0.0,0.007951063316
26583831,26907234,319.152,765.9594153749431,23.127882588915995,51513.0073432985,0.198311797392
1633224448,26583831,237.643,765.9594153749431,18.884708848336302,39670.12490848676,0.147664468553
1633224455,1633224448,17.521,0.0,1.261512,0.0,0.010887041291
26907234,26627359,13.421,857.4416280435705,0.976147348706088,2427.8071278874295,0.008339420190999999
26907234,26907212,44.28,1216.872188409751,8.823888689787653,21930.331928398165,0.02751430788
26907224,1633224455,241.199,1947.849535041948,92.68518802847109,298364.7515847779,0.149874063829
26907220,26907224,278.442,914.5461305569552,24.273185025918252,57878.900382152104,0.17301578398200002
268072502,26602203,896.509,352.70842729968194,64.65878842121916,66531.86558954188,0.557064693839
26914821,26602203,91.257,1359.9090330429583,6.625343975471742,26166.5816214255,0.05670445334700001
26907236,26907234,16.681,1308.3544010783785,1.4104747135167,4888.048617061498,0.010365089651000001
26602203,27135253,991.586,0.0,71.394192,0.0,0.616142784406
26749608,26725940,14.562,2709.7662315201947,7.28117609008236,28754.901588059394,0.009048404502
26749240,26749248,14.374,1594.7987506949964,1.773053010579618,6467.43097983951,0.008931586754000001
26725940,26749240,18.102,521.659085815489,1.313985488938284,1990.9445733646332,0.011248057842
26725940,30736705,174.441,2188.107145704706,14.54370626403858,84933.2822979193,0.108392578611
30736705,26725947,14.023,1698.9759514403747,1.937165985570768,7308.915498486815,0.008713485533
30736705,274977646,119.722,2424.2204272600984,15.103731391088411,83228.62915315556,0.07439177886199999
26749240,26749628,61.5,1018.439487341958,4.953224247791442,13726.881357514883,0.0382143165
26725952,26749240,175.151,2091.579152221465,14.27397286528638,80694.45469280142,0.10883375202100001
26725947,303649075,150.501,1780.3895212183852,13.207244780610635,61104.29862412074,0.093516956871
26749702,26725947,118.841,1727.0517602440823,9.081113561220846,44050.230835888746,0.073844351011
26725952,30736705,16.393,1935.0892329957687,3.00499468208268,12107.539066912024,0.010186134803000001
26725947,26725949,15.467,1645.6381904660714,2.014100221594752,7470.952986672899,0.009610745257
303649068,26725949,147.146,1964.9782805928717,14.03439107393442,68951.53834089678,0.091432257166
303649068,303649075,17.577,0.0,1.265544,0.0,0.010921838067
26725949,26725952,12.824,2387.487791022044,4.230957681382596,17752.658029963557,0.007968461704
26725949,26750778,63.967,1223.1286800369,5.21908386800004,17242.68939950163,0.039747238757
26725536,26724493,122.79,1580.066251060071,25.443277152956625,81344.62744099145,0.07629814509
3793333307,26725536,121.15,2383.6209841109453,93.55853561178206,250976.2221883298,0.07527909665
26756605,673035739,63.311,285.42580092936527,4.560192502222853,3800.6081968578897,0.039339619381
3392791695,673035739,65.174,1223.1286800369,4.7315927066427115,16807.940247448463,0.040497233554000006
3793333307,26724493,9.099,0.0,0.6551279999999999,0.0,0.005653854729
4181885143,3793333307,9.853,2383.6209841109453,7.609015694452236,20411.627876364924,0.006122368463
26724493,4181885143,12.336,0.0,0.8881920000000001,0.0,0.007665232656
26724493,3793333301,46.07,1580.066251060071,102.98280259782874,80018.23454014143,0.028626561970000002
275000460,26724528,14.955,1876.705499762856,5.100941271014082,16611.54997936916,0.009292603305000001
275000461,26724528,48.529,710.1920242142446,3.7618883351120043,7437.316223995188,0.030154513259000003
3793333301,4181885143,37.316,2383.6209841109453,28.817419025086746,77304.40534197041,0.023187080236000003
275000461,3793333301,536.649,665.8547927228035,40.92703904062719,76635.4883155561,0.333458125779
26982853,4181885125,9.925,0.0,0.7146,0.0,0.006167107175
26982853,4181885118,45.8,281.38452703226704,3.3038283489890277,2711.7508032306073,0.028458791799999997
26725638,26982853,15.594,0.0,1.1227680000000002,0.0,0.009689659374
4181885125,26725638,26.306,273.4962219377899,1.945116216314448,1526.1663779701303,0.016345785526000002
26882245,26726582,12.763,2522.311918505984,3.1324868973464937,15296.339090631947,0.007930558073000001
26726582,26881973,202.415,2603.4953482386045,54.4223354016631,267033.4375020456,0.12577481096499998
28252015,28252076,556.833,1347.164316709131,79.87647192765269,236813.88523289014,0.345999878043
28253982,28252015,15.41,1817.9069628846785,4.760385740758392,15578.304296126982,0.00957532711
751755096,26882245,201.707,2123.1945115364038,20.080240958580934,104727.21491220512,0.125334880297
751755096,26881973,13.323,0.0,0.9592560000000001,0.0,0.008278525833
1932251259,26726582,72.559,1856.2712502145284,6.39225022716414,30775.203111132436,0.045086058389
30736687,26882245,2241.89,952.886880879335,169.33600858865793,456548.3269394724,1.39304543119
1942590570,1932251259,43.478,1856.2712502145284,14.328453642777337,46763.479000447995,0.027015968338
26984409,26726587,15.677,0.0,1.128744,0.0,0.009741233166999999
26881973,26881976,285.498,2603.4953482386045,76.76045704371718,376639.638070099,0.177400177758
1932251259,1942590570,44.338,1883.7954156706976,15.304385945166793,49796.028652413086,0.027550347398
26984409,415402565,55.406,1145.02570964612,61.741297818388006,61359.88896668635,0.034427681626
28248046,28248044,223.919,0.0,16.122168000000002,0.0,0.139136772949
29927301,26726587,16.121,672.5994075777386,1.2322809278157059,2327.442416855344,0.010017121891
29927301,26984409,14.353,183.4519120242126,1.03376864543499,553.7813442590665,0.008918537963
3152369266,26750778,463.774,1639.180594195191,34.28840329790693,161254.5629945768,0.288175714154
3779924760,26726013,10.703,0.0,0.770616,0.0,0.006650533813
303649075,28253984,699.864,1780.3895212183852,106.21183701794344,410753.7552392699,0.434875193544
26750778,26725952,66.116,1639.180594195191,6.805644198231534,27051.476193375107,0.041082565036
3779924760,3152369266,47.811,1639.180594195191,10.92997508168738,35362.71324029711,0.029708368881
3392791695,3779924760,48.665,1639.180594195191,11.125206277850623,35994.36196354518,0.030239019715
26726013,3392791695,48.432,1223.1286800369,3.95157925015989,13055.13675796367,0.030094240272
3152369266,26726013,47.929,1223.1286800369,3.9105393516871803,12919.550084085757,0.029781690659000003
28252015,26726169,12.812,2503.601929962697,8.197153155559434,26019.440494571212,0.007961005252
28253984,28253982,12.452,2056.902128798383,2.076753600300726,9084.292251074306,0.007737311692
26726169,28253984,15.4,2002.0602569534808,6.475853322621828,20581.232670237114,0.0095691134
26726169,303649068,700.211,1964.9782805928717,66.7842483538166,328113.74833986437,0.435090809281
27177927,311181581,165.369,2999.0046347072825,32.88274529997617,201514.81452607136,0.102755500899
28253982,27177927,639.009,1791.9995388597497,163.86492779378864,561362.6279037301,0.397061661339
28253984,26755580,227.167,1402.7859781907594,35.437743989058305,107309.83103935963,0.141154985957
27177927,27177925,32.857,2705.711284548436,5.127028313078244,29943.518204378404,0.020416386947
26736239,26751254,842.724,7141.235495689123,52.965441160623705,1224090.2873612433,0.523644254604
1929853658,26736239,485.561,5833.895341255639,34.05095047141782,591018.3340527827,0.301713524131
1929853658,26729475,348.215,382.76608054490765,20.89399443919908,26912.861926789985,0.21637070276499998
26729479,26736239,295.89,1307.3401544334797,13.333799569534662,77321.8719750018,0.18385746518999999
26740508,26740507,14.872,940.6135633353906,1.323318626592204,3212.5997032748423,0.009241029512
26740508,26734491,63.436,2273.313968902654,41.31931635375388,117803.619729493,0.039417290756
26736228,26729512,16.922,0.0,1.218384,0.0,0.010514840062
26729512,26729514,60.529,1043.536560581512,5.915131648880922,15276.641407473082,0.037610965259000005
30099352,26729615,51.374,758.5203933673314,4.067836820344764,8480.158214019566,0.031922313754
30099377,30099363,10.944,443.5356689785557,0.7971554904598259,1024.5551567890134,0.006800284224000001
26729615,30099377,8.646,1100.290607322922,0.897397267771392,2386.957936773224,0.0053723736660000005
30099376,26729615,11.108,341.7702139555907,0.803063602662408,799.388554620391,0.006902189068
4548431293,26729616,2044.717,483.78231550598673,149.6492519464193,209118.13215942087,1.270527847007
30099363,26729616,59.435,932.6026836775528,5.2546139309560616,12687.779062328656,0.036931185385
30099377,26729622,60.451,656.7549383443666,4.596434732487258,8505.244608089399,0.037562498321000004
26729616,30099376,60.215,483.78231550598673,4.407030266757516,6158.3330739557205,0.037415854765000006
27009128,27009124,40.393,198.6425788398107,2.908795257068106,1687.4418035965637,0.025099038803
251105127,27009128,35.214,2242.8617869028803,6.353681043941808,29777.67383072022,0.021880958393999998
267980717,26784369,319.607,0.0,23.011703999999998,0.0,0.19859452119700002
27009128,26881968,42.936,2274.042435653165,8.011304922822683,37780.27122380456,0.026679185256
26726893,26871134,1145.732,967.8898648690498,104.3046002434996,257739.92989490833,0.711924638572
27009116,26726893,837.309,347.1896092746837,60.55016006625783,61217.68782622418,0.520279530639
26881976,26882247,14.296,463.1263585080762,1.043578556076252,1398.4657852512444,0.008883119816
26882247,751755096,287.079,2123.1945115364038,147.22115020864578,449504.5050837652,0.178382565309
27009116,26881969,276.569,423.4487988053551,19.951070080952224,24642.902423152635,0.171851956099
30840915,27009116,242.595,347.1896092746837,17.543303704216505,17736.70768880169,0.150741497745
26871134,26871117,18.415,410.1931845942234,1.10612139419307,1525.4636935118938,0.011442546965
26871134,26871120,381.733,557.6966802748265,28.285824024958,45192.477442902564,0.23719781594300002
26917306,26736497,12.376,603.8837991886065,0.9267746478662999,1592.3254214735637,0.007690087496
26729479,26729475,153.243,0.0,11.033496,0.0,0.095220756153
26729487,26729479,349.782,1307.3401544334797,47.34883112485638,138156.44940098646,0.217344391122
26736497,26729487,131.417,1475.5939361550738,22.977321426813095,71349.59706917465,0.08165871270700001
26841004,237204812,577.074,2918.990043375656,35.00784022512965,340657.11751922744,0.35857704845399996
618259635,26841004,705.712,1069.5481412683655,50.97352736632912,158887.640418164,0.438508971152
26729642,26729637,119.489,417.2340345566748,8.681759312759286,10514.463344208756,0.07424699941900001
26729637,26841004,246.086,1682.864873496761,18.06498914948874,87635.00320068568,0.152910703906
26729654,267350285,131.458,1269.5434293914338,10.928227048770426,37086.94600355199,0.081684188918
26906639,26729654,231.425,1653.3582739559624,24.072626134935287,96138.0016845678,0.14380078367500002
26840993,26840994,61.287,0.0,4.4126639999999995,0.0,0.038081964477
26729654,26906847,15.293,2295.813477626384,10.317164713817082,29070.273341922424,0.009502626703
267350285,267350171,11.172,1269.5434293914338,1.433930460687972,4118.939210849995,0.006941956812
26906841,267350285,14.613,0.0,1.052136,0.0,0.009080094423
26906847,26907790,560.394,749.88670109074,101.8522710749398,159336.5648781731,0.34821258017400003
26906841,26906847,133.588,1224.6743612579482,10.905967304532545,36064.305652731426,0.083007709148
272427526,26731232,30.164,564.3416296880781,2.238176789291622,3615.2926026273244,0.018743034844
27787388,27786929,82.257,1306.8082072624943,6.950430008537087,24067.455528117527,0.051112114347000005
26731267,26731266,10.451,0.0,0.752472,0.0,0.006493948321
26731232,27787388,570.793,1306.8082072624943,77.2075262562882,225230.53929543542,0.354674217203
4548431293,4548431292,64.337,932.6026836775528,4.840803834506358,12805.207821352516,0.039977146027000005
31350671,4548431293,60.217,483.78231550598673,5.480466292010328,6769.814660475769,0.037417097507
30099376,30099352,52.014,493.3470788241545,3.811848102726558,5427.134781691804,0.032319991194
30099363,30099376,9.214,351.3349772737583,0.666453372153438,681.7469946250469,0.005725312394000001
30099355,422567738,1242.176,831.3846940071464,102.31020777879343,228541.32519363106,0.7718521432959999
26729624,26906848,14.063,851.8350900277856,1.1731586152467899,2666.3016180516374,0.008738340373000001
26729622,30099363,63.617,840.4019919727555,5.26880375418642,11860.798084316484,0.039529758907
422567738,26729622,565.478,840.4019919727555,41.09684483843728,100234.81916770694,0.35137163033799995
26906848,26729654,13.794,1911.9986330618565,4.992128760741438,16176.51333384792,0.008571191574000001
26906848,26906630,256.237,416.76077188113663,18.482187082849002,22469.8425305419,0.15921824092700002
26906847,26729624,12.94,1561.363325982874,1.261207564320108,4878.876398306219,0.00804054074
26907788,26729624,561.662,843.8420035041075,139.28272651839947,226875.7564342128,0.349000478602
618259635,26729636,286.885,417.2340345566748,20.844316384277615,25244.514695941267,0.178262019335
26729642,26840993,30.374,0.0,2.186928,0.0,0.018873522753999998
26729636,26729642,47.342,417.2340345566748,3.439746331333008,4165.870696394905,0.029416945882
26840994,26729636,33.253,0.0,2.3942159999999997,0.0,0.020662449863
26868066,26868067,15.282,1981.8093684372973,1.231214439297774,6638.395806741812,0.009495791622
26868066,26868068,67.516,2278.6781701060368,12.660894167438935,59760.477111220556,0.041952484436000005
26736127,26868066,1468.34,1705.294143785783,158.92706772522058,645454.0638266185,0.91238389414
26736160,26736218,365.411,1904.0974679475612,130.50412442828198,423413.0704771366,0.227055798481
26751254,1962197237,441.56,5939.527068701019,31.790956024015216,551521.940353026,0.27437257876
30427948,26736346,1382.676,1675.6783411845222,114.33251014943518,513635.77828797785,0.859154768796
26736219,26736218,13.96,77.08294760707423,1.005130691171184,226.2935661040476,0.00867433916
26751254,26751290,534.718,1313.760356746618,32.31631826318029,141989.8058585507,0.332258258378
198960349,30427948,146.072,1675.6783411845222,35.49970216812375,115481.9719614077,0.09076490471200001
1929624603,1807917065,24.041,1644.240872057243,5.542671184423824,17947.8437034665,0.014938380211
1929624603,26736346,139.866,2134.1248015239644,11.68150944728652,66472.16512907154,0.086908676286
30427948,198960349,146.454,1559.425698592663,29.332084308994332,93310.33823838082,0.091002268434
26736505,1189251455,42.118,871.7101369664673,3.560044918312176,8221.575013718388,0.026170903778
29831420,26736505,9.473,452.58556335035456,0.6906777799651921,905.2232372131766,0.005886247483000001
1929624605,1929624603,27.169,2134.1248015239644,14.181467763849719,43112.412491125375,0.016882028699
26736505,26738439,11.55,317.5582495232157,1.390246498180626,1016.8206437586384,0.007176835050000001
26761245,26731246,48.4,2406.238105197639,10.437305429071008,50319.354549954434,0.0300743564
254336396,254336400,118.176,507.3493904804222,8.678521576772754,12689.161940481177,0.07343113929600001
27787375,27787388,11.085,0.0,0.7981199999999999,0.0,0.0068878975350000005
272427526,272427530,31.131,647.293896965429,4.138250227947726,6005.883243373874,0.019343900601
1319768816,26984439,53.278,1145.02570964612,9.704398471699902,23169.67720262928,0.033105404138
1319768816,1319768819,8.262,0.0,0.99144,0.0,0.005133767202
254336396,197381698,93.105,1275.263731075831,12.04526191437912,34683.033283622644,0.057852746955000006
26788845,26788846,17.928,0.0,1.290816,0.0,0.011139939288
5496911310,26734491,626.032,2756.4064790741054,54.752427810545015,392847.1112476068,0.38899812987200005
26740507,270182848,358.838,1209.4288948910978,42.490636624912845,118929.15188636027,0.222971526898
1319768819,415402564,478.725,856.0513196019514,66.74181334715789,126598.1337074696,0.29746583197500004
26734491,26740507,53.233,2756.4064790741054,17.00004067162683,83352.34904230831,0.033077442442999996
26745934,27527878,33.711,1268.977176956069,2.672944810473324,9314.56399227653,0.020947037781
26736127,26736160,13.188,2182.590356777,2.231894461210128,10325.84282507237,0.008194640748
5496911310,26763065,41.212,1301.8663206658396,5.535269030317524,16114.935093790622,0.025607941652
26734552,27527878,310.053,712.9302504057363,24.061339630845726,47720.77057306602,0.19265794266300001
26738441,237203812,124.434,864.9412676044033,7.476237551792687,21736.167204048717,0.077319679014
47047030,26738441,37.706,719.9373844507194,2.2860912018649984,5489.361745986302,0.023429414926
29831420,559764891,33.259,0.0,1.9955399999999999,0.0,0.020666178089000002
559764892,29831420,30.202,452.58556335035456,2.2020321239848797,2886.050059148352,0.018766646942
26739129,26739125,14.144,0.0,1.018368,0.0,0.008788671424
26739125,26739127,86.622,1146.8137106565175,9.48695584632526,25807.399047394443,0.053824398762
26738464,47047030,455.956,1695.3710281711749,114.5413465968672,373463.84287656646,0.283317835676
835558089,27501680,96.933,680.3364122619583,7.429653523730513,14169.891772688246,0.06023135514300001
602244712,602244728,25.021,1146.8137106565175,2.740332966577824,7454.537318058418,0.015547323791
602244726,602244712,27.017,1052.101331087588,2.663305956604896,6910.202787700057,0.016787580307
26739127,26739129,87.311,1052.101331087588,8.607021741019734,22331.743553943103,0.054252523381000006
602244712,26739127,409.462,1052.101331087588,40.364310752613335,104729.0762800179,0.254427812402
26739651,59708459,57.953,1595.3683903264964,12.316404114542898,39512.097214487556,0.036010313563
26848665,26739651,796.223,917.0044326704384,69.54118852987902,166108.2508027005,0.494749881733
26739651,26739650,16.681,386.6645065607855,1.209120461578974,1359.2671851176033,0.010365089651000001
26739650,26739654,792.401,905.0299250946896,59.330791372478686,152786.66041102607,0.49237500177099996
26738439,26738438,160.301,1466.0847070085035,27.606611602298525,85460.09202340037,0.099606392671
1189251454,26738439,45.853,1148.526457485288,5.032182110274678,13700.06862367354,0.028491724463000002
237204812,26736505,293.288,736.6828231393282,17.799650328064615,43697.349441458515,0.182240657848
26738439,29831420,12.367,0.0,0.890424,0.0,0.007684495157000001
2520200422,26747669,19.988,1527.7734264038563,3.8013093153567596,11991.105888765846,0.012419963548
2520200422,254126110,15.355,646.9081053526223,2.038914842641554,2958.155326469381,0.009541151705
1189251454,1189251455,11.338,0.0,0.8163360000000001,0.0,0.007045104397999999
1189251455,1064688236,128.764,871.7101369664673,10.883841204747354,25135.165132875125,0.08001021544400001
26738438,26738463,502.953,1695.3319942009398,126.33922819251507,411929.33227878506,0.312520408563
5313873458,559764892,124.222,975.433643720454,11.383457201349078,28261.751698161766,0.07718794836199999
26738438,5313873458,12.223,0.0,0.880056,0.0,0.007595017733000001
26738438,26738440,16.182,145.00388315368352,1.1651052570204898,493.44528783894316,0.010055025522
47047030,26738440,37.002,975.433643720454,3.39078974227044,8418.32635390979,0.022991969742
26738464,26738463,10.791,0.0,0.776952,0.0,0.0067052144610000005
26738440,5313873458,10.77,975.433643720454,0.9869413957151639,2450.2830882549147,0.00669216567
26738440,26738441,39.219,145.00388315368352,2.353142538782112,1148.2912713604355,0.024369549249000002
26866793,26822972,43.502,610.5530396793665,3.263276223815982,5662.336777368767,0.027030881242000003
26866793,103553865,137.59,4003.434130366109,27.44231178795974,224338.32074981616,0.08549443589
26739717,88358846,329.057,1125.8106944992728,35.15882444466533,94692.54173037646,0.204466477147
270182848,26743960,38.175,441.4860018942959,3.251953846595538,3787.957049309453,0.023720837925
26745992,26745939,19.828,0.0,1.427616,0.0,0.012320544188
26745960,487689875,44.583,3397.1050221458813,28.65171291552942,123071.35262936482,0.027702583293
26745934,27527881,82.684,7039.102495308012,5.1140724985782535,118058.90563990573,0.051377439764
27527881,1809204022,765.275,1104.2536375625318,46.08311084397705,170718.22328078677,0.475519692025
487689875,487689287,45.601,2732.5294215492668,8.692189343394425,49015.45719986378,0.028335138971
26904746,1753097282,36.157,1093.083997779862,2.824485149198322,8554.376036235359,0.022466911247
26904559,26745960,547.556,2511.656008777092,50.23533226682487,320969.53081278974,0.34023541927600004
487689875,26868079,211.301,664.575600596611,15.390284198664073,29639.4103605366,0.131296313671
26745970,268107482,93.229,2295.3361133248463,17.80111460639859,84287.22169312059,0.057929796959
26745992,501547016,103.104,2486.568087273115,24.313054850107882,118342.14278341606,0.064065835584
26904746,1753097278,24.475,1058.709401426663,1.8104162551281482,5497.322727535296,0.015208055225000001
26745970,26745992,15.875,2457.9955807868864,1.9286421102452218,10889.387955737016,0.009864264625
26739684,26739660,12.722,0.0,0.9159839999999999,0.0,0.007905081862
26739660,26739662,140.699,756.8723193986467,11.131913690978651,23166.915451453984,0.087426278329
26848665,26848668,53.909,796.9743994506731,4.353234350173266,9426.493211824745,0.033497489239
26848661,26848665,54.825,920.5877825474316,4.801573471624302,11498.107789630287,0.034066665075
26739662,26739661,16.517,866.1946226762677,1.390921127533374,3198.2141280204137,0.010263184807
26739661,1610905977,205.499,483.0205383154027,15.038577116570359,20983.079399824,0.127691119129
26739693,26739660,403.372,756.8723193986467,31.914244517426848,66417.56529530342,0.25064366301200003
26739684,26739690,403.344,570.9714555855469,29.970675608384177,48934.35718774495,0.250626264624
1610905977,1192892996,116.32,483.0205383154027,8.512388333760569,11877.19548896845,0.07227787472
26739693,26739690,15.08,0.0,1.08576,0.0,0.00937027468
26905938,26739661,1887.042,1086.9703761825158,193.00949418016407,509957.45038434124,1.172553174582
1610906014,1610905977,13.39,0.0,0.9640799999999999,0.0,0.00832015769
26739716,26739717,121.366,1125.8106944992728,12.967619250012163,34925.42331465026,0.075413312786
456316346,26739717,10.8,0.0,0.7776,0.0,0.006710806800000001
26739716,26739715,14.324,0.0,1.031328,0.0,0.008900518204
456316346,26739715,119.979,841.4035124487447,9.94294308994116,22401.910916327684,0.074551471209
2020514544,388575368,37.946,1406.6822103328211,3.368748534977514,12244.159216986203,0.023578543966
388575367,2020514544,33.908,2568.8652605851694,7.928005723068107,39958.06427044199,0.021069447868
26822973,26746095,1082.889,1436.66874392915,178.04105584294368,545697.3074310207,0.672875820819
2020514544,26765760,50.412,2845.144309170209,14.682476387903304,76735.14081791896,0.031324554852
26746242,26747640,1524.429,2178.390540900412,163.58758526910265,851224.944172405,0.947235972159
26870782,26746242,8.771,3038.9554956696347,1.002666920168814,7127.858573471027,0.005450045041000001
273511818,388575367,240.506,3194.988086401161,94.35680403854464,493754.05417168635,0.14944345372600001
26823035,273511818,707.671,3194.988086401161,96.96535445518015,689370.8534513334,0.43972623694100005
26913850,26747640,57.919,3776.402329222132,22.641481509980196,140260.39858476733,0.035989186948999996
26747435,26936201,53.107,2528.8076477510704,13.129564307529474,64146.33041514122,0.032999149697
26747640,28096068,19.864,2916.551879075233,12.839909012405881,47184.81628259496,0.012342913544
26747640,26747602,169.644,3038.240991047306,19.386299454930306,137797.90208629757,0.10541186192400001
26747618,26747435,186.53,1697.648540511581,47.03845179365011,153405.77654639026,0.11590433263000001
26936201,26936200,15.777,1669.424667116334,1.66103346573738,6668.702634661081,0.009803370266999999
26747435,29216569,733.694,688.830156068752,56.409160872363096,108718.15059655362,0.455896174474
26747436,26747435,19.669,1519.989263308242,3.693629125055424,11625.73256722457,0.012221746199
26869714,4731402764,49.17,2519.2246743718647,19.261832927940862,79527.47336334962,0.03055281207
26869275,26822752,16.091,2370.7368348926348,3.2593200151402257,15720.492532468137,0.009998480761000001
268107482,26745992,78.722,28.57250648622708,5.667984071133816,473.01127271358797,0.048915567862
501547016,487732691,66.373,1028.314694502552,4.987500637944271,14559.46465376306,0.041242257383000004
26746079,26992493,961.942,2249.4288500858347,131.1200806992219,657154.6536142819,0.597722862482
26746242,26746079,49.126,860.5649547692257,3.750954258726594,9070.773508299479,0.030525471746
26869275,4164984655,463.156,1642.797548563084,106.52347196121902,344853.89229349635,0.28779170687600003
26746079,26870741,9.868,1294.3635189955187,0.82918098304452,2852.364423895102,0.006131689028
26870741,1684200006,194.654,1996.818183833187,27.275560497232682,120534.26746557932,0.120952350634
26992494,26870741,950.433,1708.6051243584905,72.44998231568718,348215.51453374437,0.590571503643
26913850,26746079,1477.993,2683.2274143121263,226.549514419206,1317433.104643507,0.918381988403
26870741,26870782,49.123,1006.150459520823,3.9364926730835883,10809.075078419277,0.030523607632999997
26746095,2020514544,18.608,1435.204846719985,1.678071983615022,6176.059004831116,0.011562471568
26746095,273511818,263.59,2607.0975914990177,192.74564837859347,586048.8139272106,0.16378718189
26992493,27000364,1149.729,3207.528084134404,388.4493101075366,2170009.797280468,0.714408258459
26869633,26992493,278.554,958.0992340485684,20.64544412846469,56658.41041122786,0.173085377534
1131171656,26703057,17.595,1087.2875056543558,1.3722079270335719,4138.039875310698,0.010933022745
1131171656,1832331491,134.857,1506.2628102244423,24.768252750664534,77645.78600035561,0.083796228947
26703055,1131171656,18.532,0.0,1.334304,0.0,0.011515247372
26703055,26744613,165.24,2086.3175612157665,79.80880019539339,247059.42882888415,0.10267534404
31258106,26744613,24.789,0.0,1.784808,0.0,0.015403165719000002
26703057,1131171633,502.689,1087.2875056543558,39.203968777072,118223.7639602196,0.312356366619
31258106,1131171656,168.211,2593.5503158787988,22.429767181974622,130327.58002906457,0.10452143728100001
26744613,4403506625,70.117,2086.3175612157665,33.865611494192684,104835.79019120596,0.04356867040700001
26703654,26703655,13.645,2374.1109397471505,1.570151522552496,8702.183221218134,0.008478607295
26703654,3366747780,483.086,2754.1030575893733,78.36436682432058,461823.7395110153,0.300175630906
1832331491,26703057,127.367,1641.6263032765576,13.134077692309518,52248.86507462689,0.079142160157
1569732400,1131171633,358.542,444.6912579392094,26.119169233995905,33654.746541784676,0.222787601082
26703655,26703656,16.335,3781.728564525263,2.83375651660863,22591.135570992665,0.010150095285
26703655,26704107,194.392,708.8723793990725,31.03259938938795,47240.87310998389,0.120789551432
26704113,26703654,100.512,2212.897552667509,10.504621177556137,56052.53588516376,0.062455241952
26822368,26704113,1253.186,2212.897552667509,218.9957295684513,1019936.381270607,0.778693438006
26729491,26751262,15.667,806.9404279563162,1.272122132305878,2780.330665381013,0.009735019457
26702670,27011994,10.501,583.5162646000075,0.78248082830349,1303.2567123436036,0.006525016870999999
26731246,26734489,1240.539,2224.268263529302,219.42580654928432,1024413.9279327333,0.770834958969
26731249,254336392,133.246,0.0,9.593712,0.0,0.08279520026600001
27011994,26702671,14.805,991.5545990792492,1.376402774328774,3450.9381015130784,0.009199397655
27011994,900980716,754.696,2576.991850243508,99.46245140471174,575950.705098718,0.468946208216
26702670,271759786,498.146,2509.847730824242,120.56735236014146,588129.3073833119,0.309533478166
267980708,26702670,16.215,3093.3639954242485,33.37428691435663,54520.62737897618,0.010075530765
900980708,26702671,749.536,1657.0746162920648,130.3043127968275,454967.2380114393,0.465739933856
5181670122,267980708,70.811,1618.7773339307826,7.181878840392295,28350.498911708462,0.043999901881
26702671,267980708,10.537,1474.5866614934655,1.839363115030668,5709.772138122181,0.006547386227000001
26702671,5181670122,70.714,1174.0425538778493,8.005795994943378,22054.47474848814,0.043939628894
26703057,26703054,16.698,1641.6263032765576,3.8329375333293423,12406.147914775063,0.010375652958
1131171633,26703054,503.87,444.6912579392094,36.363069544072424,47154.26849107732,0.31309020577
2268093755,5181670122,74.609,1618.7773339307826,16.485231199345044,53139.627845515955,0.046359868938999994
26703054,26703055,16.703,2086.3175612157665,8.067334723212637,24973.57564590203,0.010378759813
26703747,26703746,133.132,1891.0691202843384,46.51885211823095,151212.97783237373,0.082724363972
26703747,2951370434,10.979,0.0,0.7904880000000001,0.0,0.006822032209
26703746,2951370434,130.593,1812.262762391848,15.438653053288729,64782.08013136124,0.08114670300299999
2532286390,26703746,122.257,1812.262762391848,17.650685726489854,70289.67960040498,0.075966954347
26754348,2532286390,492.473,1812.262762391848,150.69021627574466,493250.9511297413,0.306008440483
2812123973,26703747,57.08,1891.0691202843384,19.94483729613183,64832.17239034861,0.03546785668
2951370434,2812123973,57.031,1812.262762391848,17.450730749547674,57121.090890018946,0.035437409501
2532286390,26754288,489.17,1891.0691202843384,62.026177556814574,266258.3023711633,0.30395605207000004
26703754,1206735742,118.052,1406.7436851137638,18.52833356464166,56187.324660121325,0.073354089292
1206735742,26703754,116.192,1517.871723627959,21.74480758295046,68400.28212804391,0.072198339232
4603509097,26703754,20.113,1909.3848592434708,12.078654667696956,30363.299121456832,0.012497634923
51965343,26703754,368.364,1111.152162678561,28.92830371023215,88777.74613640201,0.228890707044
4603509098,4603509097,43.919,1909.3848592434708,26.375102389031106,66301.68220132565,0.027289992949
1803835418,2866993683,65.504,2331.3537208243183,46.69287426308763,129048.81486303997,0.040702285984000004
1803835418,26703754,166.215,2213.9393397364856,17.381498207442725,92771.29908623885,0.10328118076500001
4603509097,4603509098,43.464,1856.8873313443955,23.897847686506825,61439.069708681,0.027007269144
3087286154,3366747780,47.705,3337.2154795709166,6.370446316661123,47611.30873761687,0.029642503554999998
26874397,26703656,179.357,538.3750857102158,12.934132890253375,20316.34339150883,0.111447238447
3087286154,26703655,483.817,2116.490004177184,50.05815563329787,256420.87383247525,0.300629853107
3366747780,3793828082,45.059,6091.318537160295,9.323785022510826,114955.43197900972,0.027998355888999998
26754340,26703741,18.594,1481.2994964251393,3.280775660226774,10206.111599165482,0.011553772374000001
26703741,26754347,141.317,2405.4016603353657,16.588861038738592,92586.14725202695,0.08781028560700001
26874397,26704107,11.965,0.0,0.8614799999999999,0.0,0.007434704015
26704107,26704106,141.61,708.8723793990725,22.60651878436987,34413.8649795507,0.08799234731000001
26754213,26754340,149.987,2516.6799543425564,36.5805029575001,178544.54909236403,0.093197572177
26754347,26754348,18.833,2053.864007488025,2.791954106403036,12522.98829901279,0.011702280043
26703742,26703741,58.321,2086.3175612157665,8.93376539670906,40400.50145486147,0.036238978091
26754340,26703742,51.051,2593.5503158787988,53.78165380760939,126245.62103024391,0.031721610921
4403506625,26703742,358.231,2086.3175612157665,34.99440358644849,180718.61371316054,0.222594354701
4403506625,31258106,51.996,2593.5503158787988,54.7772006695355,128582.54120562894,0.032308806516
26754347,27000363,269.378,1322.7039523139113,25.9406954346936,85439.5941032418,0.167383677238
26754213,26754347,24.181,971.1662994665726,1.9117885629505742,5107.34695134236,0.015025372151000001
27197710,26704019,1603.436,1803.3961942489784,188.11783378825618,787292.8687256133,0.996328630756
3793333291,275000460,10.501,903.2693404011894,0.9077094060841919,2146.931426743471,0.006525016870999999
26704019,3793333291,11.087,2529.3082141607256,10.64126833798002,26071.385215813938,0.006889140277
26724528,26704019,10.913,725.9120199117477,0.8514694939567621,1713.820621626099,0.006781021723
26762956,26762967,147.961,2441.8442737690057,207.93953742247177,368074.5278707998,0.091938674531
26763054,26763057,18.4,2067.698906180814,8.62061186234487,26859.015568183702,0.0114332264
26762967,26762983,10.685,2338.4210938282654,7.69993888280892,21197.323099430072,0.006639349135
26762967,1560791805,33.244,1445.1953616802512,5.539331876595101,17028.086762901454,0.020656857524
26704067,26763048,14.637,2463.819379006969,12.754087325472941,32587.73447956946,0.009095007327
26762962,26704067,18.308,3176.8045786833563,9.30813367544184,42718.62415215934,0.011376060268
26763054,26704513,1142.572,1435.9269696937863,187.6358192656746,574957.039028093,0.7099611062119999
26762956,26763054,15.084,874.5427588719486,1.2774503774134378,2956.6969622040715,0.009372760164
26704584,26763048,985.177,1372.0875940558376,146.67674219539344,439078.60647484765,0.612160417667
26704073,26704108,12.489,1711.734892747649,1.358633667555444,5529.086891213566,0.007760302419000001
26763048,26762974,18.112,1718.1370376502375,1.9803636837986163,8075.51116907504,0.011254271552
26763048,26763067,103.388,2117.76993541257,17.105724267709554,77176.6898710394,0.064242304948
26982911,26703849,89.437,2062.5743346213703,41.552006013001886,129684.537533837,0.055573558127
28248871,26703849,14.027,1630.6731397187873,3.16143274566246,10213.297691620126,0.008715971017
51414512,1803835418,65.224,2152.809775279359,35.086545584330736,105850.4565441335,0.040528302104000005
26703849,900980708,11.029,1862.8999860488111,6.125784073785979,15710.83014791629,0.006853100759
3793333291,26703925,272.748,1626.038873759536,22.222923570857567,97680.76135716098,0.16947769750799999
26982911,28248870,13.992,676.6409169059482,1.01999165924028,1998.8600159919756,0.008694223032
900980708,900980716,14.165,205.82536975674537,1.0199889315719881,613.1362892604075,0.008801720215
26703925,26982911,11.815,1594.1895418811987,1.1776704914884921,4609.4506656483545,0.007341498365
26724528,26704017,1598.043,1975.7097777303804,219.39232121320222,964057.9677129609,0.9929775769529999
27197710,26704017,20.63,906.0105352715666,1.7868957645249839,4234.823513002681,0.01281888373
26704017,27197711,19.423,1418.2837054182908,3.1032636077510283,9450.01109937488,0.012068888932999998
26704017,276325865,242.212,1463.4366075836556,41.5382031727022,128475.22688197004,0.150503512652
28252076,276325865,13.441,0.0,0.967752,0.0,0.008351847611000001
276325865,26726169,561.14,1463.4366075836556,51.430377200204056,191552.2233134152,0.34867612294
27197711,27197710,16.034,1507.5372754167156,2.950921138230108,9254.328438766366,0.009963062614
28252076,27197711,238.309,1347.164316709131,18.22241394383134,68920.20058891394,0.148078301639
26704088,26704083,115.71,1640.265508617304,26.500249298664084,85754.32673165908,0.07189883841
26916065,26916066,115.463,2117.6269749091343,18.2624006800905,83222.57929922848,0.07174535977299999
101480266,26704087,85.95,3105.4127263685546,7.812795933965905,61984.9918036343,0.05340683745
26916065,26704083,13.869,0.0,0.9985679999999999,0.0,0.008617794399
26823015,26823011,304.768,539.3193798746192,22.502615656454687,34849.6767729858,0.189373996928
26916066,26704088,11.92,0.0,0.85824,0.0,0.0074067423200000005
26787967,26916065,222.364,2117.6269749091343,35.170578149083646,160273.90266400186,0.138170541044
26823014,26823015,20.61,0.0,1.4839200000000001,0.0,0.01280645631
26704106,1321352947,283.306,708.8723793990725,21.949827909189274,43328.58306886766,0.17603813252599998
26745299,26874397,145.44,538.3750857102158,14.712504257784397,19335.02489360569,0.09037219824
26868547,26704088,272.856,1640.265508617304,62.490294897902395,202217.46240336658,0.169544805576
26745299,26704106,9.821,0.0,0.707112,0.0,0.006102484591
1321352947,1321352940,148.392,708.8723793990725,23.68919239778415,36062.0171742496,0.092206485432
26763000,26762962,132.049,1698.6553071834394,14.218361264379437,57623.7687047716,0.08205141917900001
1321352948,26745299,291.094,538.3750857102158,21.48926102826573,33225.84949884807,0.180877369874
1321352948,1321352947,10.218,0.0,0.7356959999999999,0.0,0.0063491688780000005
26787967,26704073,13.041,1237.867482743135,1.60317532908093,4543.309593976665,0.008103299211
26704108,26763000,485.348,3655.080263946227,152.38816679612574,996874.2217210474,0.301581172108
26704073,1321352946,137.801,1166.39809861279,98.44672086295239,135933.60287085586,0.08562554517099999
26704083,26704073,226.125,1640.265508617304,23.294693215858572,92626.7759858999,0.140507517375
1321352946,1321352948,148.272,538.3750857102158,14.99898536379406,19711.51547734256,0.092131920912
26704087,26704078,23.223,3399.059369759718,26.280381165913205,76636.76474421423,0.014430098733
1321352940,26704108,147.199,2928.087343974402,56.96250386118318,274813.61203762505,0.09146518982900001
1321352940,1321352946,11.088,0.0,0.798336,0.0,0.0068897616479999995
26704082,26704087,45.529,1312.8775273185756,6.212300621513989,18167.40788284249,0.028290400259000002
26762979,26704082,1118.462,1382.9468318329928,169.2754667433419,508819.6929771337,0.694979851402
26823014,26704078,195.34,624.6497339691556,14.709605237593626,26048.518797453275,0.12137861114000001
26704082,26704770,9.05,2919.545825808967,5.871215335281691,21550.109247322085,0.005623407550000001
26704770,101480420,69.693,1623.351579353297,8.859992287140269,32625.95354592078,0.043305209103
26704087,26823015,205.592,541.2318223647006,15.185313121331452,23595.26906305803,0.127748906632
26762979,26762956,18.359,1425.1228574449456,2.964572960458524,9049.699114387346,0.011407750189000001
26704770,101479834,93.134,1296.19424645567,12.40854101712411,36041.13050822819,0.057870766714
26704514,26763003,18.25,295.332376078489,1.3170117139323838,1134.261098379957,0.01134002075
26763077,26763065,15.939,406.4247595293903,1.157041835772894,1365.82405621324,0.009904032369
26763057,26762979,14.854,1724.9825285605166,3.922403007509208,12822.089113253729,0.009229844834
26763057,26787965,115.762,1876.0495976851416,39.44127427019037,128453.1225699763,0.071931149702
1882209726,3229469783,316.503,5710.361370533306,112.91498332879505,1099146.221369368,0.196665785613
26704560,26763044,9.238,1446.2661652344916,0.838321862847768,3099.9945073172107,0.0057402252979999995
26763077,5496911310,47.552,2156.400518458789,25.72827569661563,77501.00942171391,0.029547433792
26704550,26763077,84.809,969.4054429454457,7.730937482208523,19121.599999247697,0.052697853139
266360219,26704560,206.356,763.330618565763,14.952616876364772,33191.82773826662,0.128223634076
26763044,26761220,16.382,2430.046047213076,3.6272509004385,17542.700529605867,0.010179299722
26704560,26787963,51.584,1083.0871607174222,4.018213688083392,12079.215334891542,0.032052801664
26761221,26704560,16.065,1766.0227073861515,1.8262676556519721,7557.921938197787,0.009982325115000001
26787965,26787963,184.655,1876.0495976851416,16.39632563965399,79472.11821725291,0.11473926200500001
101479834,26704771,282.974,1733.7119950795357,31.328712878215946,128373.93870925497,0.175831837354
26763044,26704562,134.402,1664.5363562186783,32.058253032298005,104130.52787263293,0.083513505142
26787963,26763044,53.67,1876.0495976851416,6.71296438654125,28694.007725690164,0.03334898157
26822368,4731402765,165.953,2474.4197299120488,15.035265652997232,95196.0023783584,0.103118381563
26992494,26822368,275.089,1234.152875705701,20.123042194028148,71759.271305625,0.170932327019
26763000,29831527,19.796,1956.4249567627865,7.716560402055019,24795.83077062732,0.012300660316
26869633,26822368,11.039,2469.721891910784,2.5546088127314763,12412.72803000059,0.006859314469
5496911312,26704508,15.225,1242.914473839857,1.251891125462784,4184.618037475081,0.009460373475
26763011,5496911312,16.376,1274.353286439094,2.115930095772768,6090.267587756277,0.010175571496000001
26763011,26704508,9.057,0.0,0.652104,0.0,0.0056277571470000004
26704508,26704515,239.186,1242.914473839857,29.603863840436272,84078.38106398976,0.148623244006
26704515,26704514,57.329,727.5885833087859,4.14947033828376,8786.342744457088,0.035622578059
26763065,26704515,16.849,433.93779375613536,1.2156879153923341,1538.5651793981028,0.010469479979000001
26763065,26763011,239.766,1274.353286439094,30.979976510933927,89169.46131204026,0.148983639186
26704515,26763077,16.464,949.2636842872064,1.475402281981134,3602.386763281669,0.010230252144
26704514,26704511,130.858,1533.3332200648445,12.521250251863343,47937.596986690376,0.081311366318
26704513,26763003,131.134,1435.9269696937863,21.53512909784676,65988.32839935683,0.08148286471399999
26704513,26704511,17.891,0.0,1.288152,0.0,0.011116948561
26704511,26763057,1142.263,1533.3332200648445,109.29833007110136,418448.572856133,0.709769102573
344287210,26704788,57.729,2248.6055387306787,6.470741004354576,34250.70279862938,0.035871126459
27556638,27556461,131.819,2685.854520790174,12.894397079873483,85677.32334468323,0.08190850384899999
26704788,27556638,11.931,2342.827153896173,1.422671652981816,7697.759245023034,0.007413577401
26704788,344287213,23.297,1069.3533855974472,1.919215978092804,5513.659635238544,0.014476080187000001
344287213,648240477,2792.001,1166.4725964399154,209.12952755722893,693945.8217567424,1.7348684533710002
344287210,344287213,60.71,97.11921084246804,4.37112846924135,1239.9171609597051,0.03772343341
27556638,29654545,462.495,1423.029303233739,41.42614842473088,151663.51404623498,0.287380980645
648240478,27556638,2814.743,1766.0566701277403,420.0246977568296,1617524.3792349386,1.748999672653
26704942,26704943,13.81,1976.46378195198,1.324775373049914,6530.612723613519,0.00858113351
26704942,4359741644,35.755,1581.802053296998,7.43006096791209,23764.155475869044,0.022217120105
26704943,26704940,18.855,1496.1735741073408,1.762411759495488,6651.4375943820705,0.011715950205
648240477,26704940,50.804,1166.4725964399154,3.7045544559845522,12512.849427205765,0.031568132284
443551443,443549315,1177.412,953.3229354516836,92.49366501902968,243487.6052445593,0.731609671852
26704943,648240478,50.33,1766.0566701277403,7.510399009110684,28922.712306912017,0.03127360243
443551444,26704942,49.736,1404.1612854322598,3.676920484717296,14813.488272197355,0.030904508056
443551444,443551443,19.951,0.0,1.436472,0.0,0.012396972821
26763018,26704771,19.665,0.0,1.41588,0.0,0.012219260715
26704771,272344611,118.18,1733.7119950795357,31.67001899161946,103585.02258412047,0.07343362478000001
101480420,101479834,55.486,437.51774862386605,4.039095467015382,5122.990170014782,0.034477391306
101480266,101480420,24.919,115.09801493376408,1.794262865555784,603.1601704430276,0.015483943949
26763093,272344611,17.306,0.0,1.246032,0.0,0.010753446526
26704776,26761232,13.762,1733.7119950795357,1.159432335295026,5334.687009049489,0.008551307702
26763093,26763018,117.071,1696.0069531401043,12.579621542405663,50939.32727524149,0.072744524341
272344611,439181191,124.889,1733.7119950795357,33.46790490645086,109465.47542315308,0.077602402819
26761232,26761223,15.529,970.3813765137736,1.4167774706232539,3506.3840140764582,0.009649270259
26761232,266360219,123.311,763.330618565763,9.786545295424727,20503.065927928124,0.076621879381
26761224,26704776,14.973,0.0,1.0780560000000001,0.0,0.009303787983
439181191,26704776,138.176,1733.7119950795357,15.297787890973607,62684.901634390546,0.08585855929599999
27556461,26704787,11.849,1044.5391668803038,0.8601262486246021,2609.50152298207,0.007362624979
29533796,29533795,177.864,0.0,12.806208,0.0,0.110519531544
26704787,29533795,389.886,1520.4406950897,29.105562969805266,126162.4852829824,0.242263853706
26704787,26704788,131.095,1524.9643531157544,10.550542527175908,43799.61220996287,0.081458631245
26745960,26708459,15.728,2508.524474812789,1.441413966922608,9202.715206684672,0.009772923088
533626128,26708459,64.343,4718.586092163996,22.345830316103328,181680.9249600031,0.039980874253
26736196,26708460,11.205,3996.782733179162,2.2253692052466536,18180.168665634144,0.006962462055
26736196,26736127,483.067,1163.469503698283,64.28950462512685,167658.04496843636,0.300163824857
26731246,26708489,34.941,3002.190363233141,14.67844686815544,69986.65260329374,0.021711324111
26731249,26708489,225.269,1656.3225812837843,23.484151853055714,93879.70847632119,0.139975623799
26708489,26731248,31.997,1671.6795708699326,2.642556407359794,11851.337911965651,0.019882007887
26708489,601409794,438.818,1961.2738007235012,59.41629191014975,260069.74494733557,0.272668779478
601409794,26787933,208.48,2051.715081691926,30.84031440164703,138254.70341864688,0.12954342608
312215682,26743963,320.89,726.3018950275032,23.48669894286538,49270.833000805746,0.19939174019
601409797,26731248,442.906,2321.9631736286283,87.05560720007904,414186.53735348163,0.275208944126
601409797,601409794,13.033,176.92433014228786,0.938653013698956,484.95237664758866,0.008098328243
272427530,26708507,381.274,1191.9836364495404,44.148210081667074,122611.96363190716,0.23691260665400002
26787933,26708507,634.49,1096.189496969412,65.55676079074316,174015.92189537775,0.39425368579000003
26708504,26852180,671.716,1142.6900378003108,73.2066680963463,198758.1414691194,0.417384842636
26708507,26708504,352.011,2288.1731334189526,66.69268065491741,315363.4903873175,0.21872942708100002
4359741649,4359741644,12.801,0.0,0.921672,0.0,0.007954170171
648240477,648240478,19.904,0.0,1.4330880000000001,0.0,0.012367768384
4359741649,26704943,35.076,1285.7664622831016,2.6554425821013243,9646.32776017606,0.021795209196
4359741644,1168211979,1483.662,1581.802053296998,146.62384877991346,571386.957860782,0.921904540602
26708010,4164984656,930.332,1391.6080364101,142.66933405004974,430238.9058536988,0.5780813251720001
350295984,26869281,13.38,168.18763238248195,0.9670758565100459,473.80898143887225,0.00831394398
26708010,26869281,13.627,1268.439646885669,1.746363624787806,5014.06610097835,0.008467422617
350295984,26708010,11.607,1391.6080364101,15.943958456962493,16379.134207506271,0.007212253197
28096072,350295984,146.823,2528.047646736381,140.66060029662873,344906.50588863966,0.09123155433300001
4164984655,4164984656,10.588,0.0,0.7623359999999999,0.0,0.006579076148
26869281,26913850,130.753,3079.424827831234,59.79578228546658,280817.32942362025,0.081246122363
4164984655,26869281,941.957,1642.797548563084,97.21829828760849,386896.92514176806,0.585304763047
26708455,26736196,833.685,3798.545987844973,146.1406148731283,1167516.7390121708,0.518027682135
26708459,26708455,497.91,3346.7532582504123,66.84186080415154,500322.8109325383,0.30938683461
4164984656,26822752,458.623,1391.6080364101,40.39081578779888,145805.0014356892,0.284975032133
26708455,26708454,18.558,1602.9693541197785,2.3088353858596977,8444.801493773934,0.011531403018
29656705,26723208,12.666,0.0,0.911952,0.0,0.007870285086
1356796548,26723208,729.939,1192.7129468485548,58.88514404459981,190934.09559104044,0.453562926369
342902476,342902469,16.703,634.5517467754835,1.2613607781729421,2264.957863367739,0.010378759813
26723208,1853142989,877.163,1192.7129468485548,70.76189874166651,229444.27423513992,0.545043650473
26723214,29656705,870.983,1525.8926111263702,165.13723756957745,520644.6202759895,0.541203577693
34967076,26723214,1917.687,896.8743065742233,143.39020653213802,366250.64997150225,1.191595088877
1853142989,1679818039,985.675,1095.313465327666,101.74331642035848,269952.23958094674,0.612469860425
26723214,1853142989,12.854,167.69459910042644,0.925501781650326,453.30073548751017,0.007987102834
4453196453,26724446,1853.165,1883.7954156706976,233.42571720515087,999958.9027497334,1.151502989215
673035739,26724446,307.661,5329.518262222827,88.62468063674866,870804.5098729616,0.191171623231
34967085,65052144,28.163,0.0,2.027736,0.0,0.017499671473
29656705,1356796549,730.289,1525.8926111263702,138.46183919485128,436542.43434915744,0.453780406219
5796522790,4453196453,17.596,1883.7954156706976,78.1756154454075,38923.45732021585,0.010933644116
673035739,26756605,65.491,408.6367706332256,4.754965024899318,5642.837488720243,0.040694208161
26725536,26724446,418.956,2383.6209841109453,48.5008000401206,269379.7106768122,0.260327108676
4453196453,5796522790,17.849,1856.2712502145284,74.83911811396392,38749.450424282906,0.011090850979
26708530,26708529,255.796,7882.106762181854,18.287463915710656,423070.80200663913,0.158944216316
26747666,254126110,34.829,985.20553396246,2.599936643490768,7302.728669583368,0.021641730559
26708529,26747666,164.829,1425.3929028528232,9.989368221171024,47507.13198955994,0.102419960559
26708529,26734592,683.352,6308.266013673662,54.22505491595779,938921.5387497684,0.424615115592
26805818,26708530,573.534,1522.2348038552004,34.862956515041766,176612.9905740384,0.356377395114
28933020,26723201,15.226,1645.3951181093864,1.574470509527892,6271.307771204303,0.009460994846000001
26747666,26747669,32.252,440.1873688903625,2.3255482274508,2986.9000065095656,0.020040457492
26738407,26734592,447.623,1519.116824521333,32.647715835993665,143588.82861250528,0.278139951133
35125486,26723201,98.213,1581.802053296998,9.705962719421027,37823.727568934824,0.061026710022999996
28933020,35125486,97.288,1285.7664622831016,12.772590027357294,36938.832877157496,0.060451941848
26723201,248945811,48.981,1192.7129468485548,63.21627250243285,58464.68460813136,0.030435372951000003
342902469,26723201,1813.06,1807.6352569062155,213.48660988782342,894586.4822710251,1.12658290526
4140923290,248945811,123.296,1525.8926111263702,38.96126721833955,106156.36271898393,0.076612558816
342902469,3578749496,16.43,56.00272029099001,1.18296350574777,193.49694784809776,0.01020912553
35115774,28933020,382.528,1070.1836309959197,38.42637998900374,100656.61090904051,0.237691805888
248945811,28933020,53.711,1525.8926111263702,8.52477459982158,27970.691006358124,0.033374457781
16541465,5257308490,230.582,28.5641011768892,16.601907329770214,1385.0741429381371,0.143276967922
29272980,29030458,115.141,1150.1555575370542,12.660972157761558,34495.689434717024,0.07154527831100001
29272980,16541465,1182.42,3811.485898664444,109.59065250711053,1057657.2846257335,0.7347214978200001
26943818,16541465,16.33,2356.042585789949,1.2780156769245061,8333.522815924445,0.010146988429999998
5257308487,26943818,228.121,46.92388236431534,16.42473599096004,2251.0566909234367,0.14174777389100002
5257308487,5257308490,14.723,0.0,1.0600559999999999,0.0,0.009148445233000001
282763131,29272980,91.8,4698.655390883288,10.994712830528021,119156.26661073072,0.0570418578
213227878,26943818,860.763,2356.042585789949,67.36488720860825,439264.4274098947,0.534853166073
29950195,16541468,140.044,2186.7492118177843,15.10455991234664,78759.24931265946,0.08701928032400001
3720324470,16541468,96.476,794.7391313154022,7.781152445796006,16813.75548864451,0.059947388596000004
3720324470,527332338,94.978,1067.0415252892535,9.50929931422665,24868.526521898206,0.059016574838
16541468,26904543,20.519,3989.725751255399,2.533935057419856,23115.559911775137,0.012749911549
16541469,26745973,488.524,1910.5234038022836,43.99806289032236,215695.24634375577,0.303554646404
16541469,26904542,75.981,2511.656008777092,6.970850070067026,44538.98034299066,0.047212389950999994
26904543,16541474,62.148,1008.2374081222114,4.5065190346020305,13206.618974037012,0.038616964908000005
26904543,26904547,105.452,2981.488343133185,20.658794532451523,126304.20114579321,0.065524814692
27559636,16541457,41.155,1382.195072327311,6.22157636730879,18695.938449003126,0.025572523505
256724098,27559635,39.551,2278.0898995648395,7.41205918798104,34981.5885787558,0.024575844421
16541457,16541467,989.048,1037.034120599748,76.11297993136186,220718.78893107042,0.614565744808
27587405,16541457,47.225,686.5436728071675,3.44515585044438,6846.816025726518,0.029344245475000003
16541467,16541468,44.67,1008.2374081222114,3.278822629728612,9530.24353231616,0.02775664257
16541461,27559833,53.62,30.18850518160815,3.860640966050556,340.4046489076062,0.03331791302
527332338,256724098,990.502,1246.3852750301085,81.55864865451782,273170.2623256637,0.615469218242
527332338,16541467,20.273,0.0,1.459656,0.0,0.012597054283
27560124,27559833,36.552,0.0,2.6317440000000003,0.0,0.022712352792
27559636,27587405,38.403,251.985047830874,2.768374697181924,2035.786136282289,0.023862510513
27587405,16541461,664.007,30.18850518160815,47.80851596315431,4215.4246495187,0.41259469359699996
27560124,16541461,69.007,464.74713015790167,5.038337952831084,6774.464275322367,0.042878948597000005
5257308490,16541464,278.196,28.5641011768892,20.030116017350675,1671.084847337686,0.172862926716
26943821,5257308487,273.152,46.92388236431534,19.666972726766573,2695.4144389999974,0.16972873139199998
26943821,16541464,13.93,734.6618330331593,1.090985325555756,2217.2961527694024,0.00865569803
27560124,16541464,715.735,629.5038273798915,53.97102478127504,96232.18486354988,0.444736972685
26904547,26904555,101.505,2981.488343133185,8.938363726192248,69134.02354003493,0.063072263355
29030467,16541483,243.521,1490.8758141897015,19.16464331233288,78813.13249145745,0.15131688729099999
282763131,29030458,49.754,392.0387518852074,3.607782741014796,4111.10100768912,0.030915692733999998
26904555,26904552,148.821,1480.186386734762,16.386097994708233,57430.331425191085,0.092473053591
29030467,156869073,115.762,1542.194309422261,22.539464301406046,71381.56058936045,0.071931149702
16541486,29030467,115.617,1490.8758141897015,20.715076728133717,64636.16981832723,0.071841050907
16541483,267046792,275.552,1490.8758141897015,49.370601404557306,154048.50381673736,0.17122002179200002
267046792,16541483,276.955,1542.194309422261,26.653613513585512,102382.38989931687,0.17209180530499998
26745957,16541486,71.345,1490.8758141897015,12.78287059142427,39885.72213159449,0.044331713995
156869073,29030468,68.828,1542.194309422261,6.6238735928691055,25443.754877110663,0.042767723188000005
29030447,267046792,592.183,1542.194309422261,47.1786721409441,199242.6758321166,0.367965342893
156869073,16541486,9.458,0.0,0.680976,0.0,0.005876926918
26745957,16541488,152.9,1542.194309422261,11.489097633798444,50300.21586148076,0.0950076259
26905529,26905525,87.192,0.0,6.277824,0.0,0.054178580232
26905525,16541488,432.774,0.0,38.94966,0.0,0.268913213154
487727796,16541488,432.576,1512.2310421603793,32.40173795933134,139385.6846201429,0.268790181696
26745973,16541471,105.52,844.80399762277,7.6703094098405815,18803.29943087181,0.06556706792
26904542,26904559,29.055,4408.392477993005,4.321989403499352,41576.861422282615,0.018053934405
16541474,16541469,68.917,4422.179412579375,10.318023114120841,99420.1605296961,0.042823025207
26745973,26745971,115.886,1065.7194061795133,11.586509239472587,30279.855272651614,0.072008199706
16541471,26745971,42.777,1736.9059566566348,4.74817857151524,19475.60727284196,0.026580387267000002
26868067,16541471,18.155,2308.3893987503234,2.00606663983539,10951.969635015512,0.011280990505000001
26868067,26904542,555.728,1896.7364692159151,49.7640386185176,242867.94503431555,0.345313263088
16541471,26745972,15.158,1416.28743971646,1.17406241177916,4631.219515929038,0.009418741618
26745975,26745972,316.185,3253.2134468248896,70.78045192543618,456988.41730959836,0.196468189635
26745971,26745970,269.343,2802.625362836149,41.92224579208335,253754.1054050438,0.167361929253
26745972,26868066,17.738,2555.1933947575503,2.302283563136064,13271.311445336347,0.011021878798
26745972,26736160,1476.109,2114.3074917837976,232.675634851429,1059463.011459178,0.917211325439
26904555,16541478,503.004,3207.787695880545,47.03966052381149,380541.1514545971,0.312552098484
29030447,16541478,112.093,1490.8758141897015,10.443631564078272,39332.17469707416,0.06965133950300001
26904552,16541474,63.438,3413.942004457165,8.842995431618705,66895.98448056041,0.039418533498
282763131,16541478,10.557,3695.338003457749,1.160164703190612,10157.838542445625,0.006559813647000001
27009124,27009127,185.017,211.7601393667921,13.32417736568631,8239.730308811037,0.114964198307
16541594,26726188,703.741,2771.6987045612555,115.79628498851184,684602.8125122945,0.437284248911
26881969,26726776,42.565,585.7659637546415,3.086152902166686,5254.878817978171,0.026448656615
27009127,27197226,1279.808,2417.1924655342264,438.97763401535383,1837261.2082261571,0.795235576768
26726188,27177927,12.21,3912.716380395971,5.366499868546278,32645.876356686196,0.007586939910000001
26726188,28252015,640.329,2032.8592837871493,221.5199543906121,777113.6600221676,0.39788187105899997
27197711,16541594,560.519,1264.166126793324,46.491434933959106,157303.35952350651,0.348290251549
27197226,16541594,16.977,1507.532577767931,1.359840445156194,5596.103848911721,0.010549015467
16541696,5024937412,18.929,2034.6700156113388,1.871594525630082,9379.785865745413,0.011761931658999998
28794059,16541696,568.737,2036.7120322890864,56.29501108909657,282290.25079441624,0.353396678427
21534656,26726188,33.19,3173.8769596218635,7.670863968166729,47915.67464662169,0.020623303489999998
16541696,972501397,801.819,1997.813209869782,159.12784951793049,649922.9514503565,0.498227073849
29025740,972501397,29.612,500.2161318221516,2.146781269687458,3121.7424115406984,0.018400038052
5024937412,1518839541,9.928,2024.7531310678696,0.9764618090309399,4880.241624450631,0.006168971288
29150076,16541696,23.37,1995.7711931920337,4.625912312199456,18885.79494472354,0.014521440270000002
972501397,28300996,1243.182,2317.4855525075627,374.1724752819668,1575214.7350190508,0.772477242522
29030468,26745957,10.95,1542.194309422261,0.82279672393782,3602.2718357306367,0.00680401245
16541571,26750538,497.583,1339.1470122913406,22.425947442414696,133190.97684870072,0.30918364629300005
487727796,487732691,126.424,1089.2231735015102,9.602802803253072,29489.112735402257,0.07855620730400001
268107482,487727796,48.515,2295.3361133248463,3.8537273842698,24265.048220629862,0.030145814065000002
26750538,26784543,12.37,3599.7853519400014,9.79120746299205,39022.33638297983,0.00768635927
26662457,26750538,49.338,2260.6383396486626,9.073713878490084,42678.206998477915,0.030657202398000002
16541571,26662418,366.34,2651.594888210909,18.474070553281866,193810.28679671095,0.22763305214
16541579,16541571,1463.854,3990.7419005022502,68.42180885045812,1166308.2255060177,0.9095964238340001
16541582,26726776,219.217,1306.0071779761977,13.171465984249819,57820.1571367835,0.136215086507
16541582,27009127,451.763,2011.7799413548928,20.38012570232037,181658.54842496823,0.280712427073
26662418,270415204,414.113,2757.390663679809,21.264043404851602,227889.9880635768,0.257317808923
487789301,26662418,241.149,105.7957754689001,17.36281293181068,5365.145273068309,0.149842995279
26726776,27009128,13.513,229.82322759009568,0.9732352651795799,653.1523837463146,0.008396586323
26726776,26882247,103.623,1661.949914140744,24.609686124439758,79906.88623290368,0.06438832713300001
26881960,16541579,496.94,2061.118307390286,23.34718899884295,204462.67485672768,0.30878410474
26881969,16541579,277.04,1929.6235931119627,17.184797348791303,108488.33468592049,0.17214462184
27252357,26602506,22.621,1086.2415194624202,1.763657675026974,5314.335522409682,0.014056033390999999
20246072,206188831,705.246,481.67226528958906,42.32031849957816,68592.38892133781,0.438219412266
27252357,26602511,421.82,1682.4895351340856,57.20380255011793,214711.28279445544,0.26210671522
26602506,27252359,16.674,2606.859029517772,2.407990580445342,13792.76183494695,0.010360740054
206188831,695595039,1862.339,481.67226528958906,111.75501829742512,181131.52147105456,1.157203446769
303134911,206188831,376.994,0.0,22.61964,0.0,0.23425313877400003
20246072,249068814,278.997,1153.4420207317569,24.00801215156839,72679.5377479934,0.173360644887
20246097,20246072,2023.332,1635.1142860213445,140.29906048860116,688080.442898001,1.257239828172
20246097,296092115,866.079,224.66191733405608,44.57539218393734,38834.417992160175,0.538156374309
314364931,20246097,206.759,1859.776203355401,18.7652111419124,89225.63891615377,0.128474046589
249068814,2248585516,2422.654,1524.1308779035994,278.210014397966,990504.1072143817,1.505366938634
27378825,249068814,748.169,370.6888571718425,44.92323544324168,56005.28005978553,0.46489051969899997
20246103,29787110,169.965,0.0,12.23748,0.0,0.10561132201500001
20246103,261022482,1522.807,2843.202654501752,159.01457678722306,1090519.9468969768,0.946228108397
296092115,27379359,567.933,472.5607186955399,34.58795993735474,54307.44037607136,0.352897096143
21483449,296092115,88.776,472.5607186955399,6.394330513644774,8823.329192858188,0.055162831896
16541702,101212646,577.418,2354.438758630359,182.42792115837793,767004.1320088223,0.358790800078
16541702,16541703,20.409,3532.4494254888364,26.69578946638324,72357.80363654306,0.012681560739
5024937412,29150076,30.655,572.0707297426994,2.6241723783447597,3950.7125753126747,0.019048128005
2878654336,5024937412,16.136,562.1538451992303,1.36646725679343,2033.0541746630786,0.010026442456
5896652502,29269509,233.761,2585.765550104541,33.21752336356817,189450.92271758386,0.145252306331
101212646,2429294791,255.488,632.5632719873121,32.59267235305967,46723.80615891329,0.158752834048
101220587,16541702,982.308,2869.342474189685,175.13589497903118,1052894.714591499,0.610377704268
5896652502,5896652500,38.396,0.0,2.764512,0.0,0.023858160916
2449742020,29150076,10.076,2518.4485035550024,3.9431989817524804,16282.66399746083,0.006260934196
18244417,26602511,23.61,0.0,2.8331999999999997,0.0,0.01467056931
16541703,2449742020,1081.026,3175.1689364413232,250.12669427267684,1562573.7089737006,0.671718206646
2449742020,5024937411,13.472,1102.8175963252995,3.501003775076472,7351.987162497027,0.008371110112
26190998,26602511,2307.596,0.0,166.146912,0.0,1.433873234116
26602511,268072502,1717.197,1682.4895351340856,145.21529546011018,647118.0364402094,1.067016417087
18244417,26602506,409.461,1520.6175100553526,32.91405276121044,136344.50711049486,0.25442719103100003
725278065,18244417,1709.566,1520.6175100553526,195.64829754402894,695701.3979104848,1.062274734986
20246112,29275987,16.603,1524.988663629868,1.336220562098148,5547.264341167304,0.010316622713
20246112,29276692,438.036,2101.600841648629,68.15302509571136,309368.26021904673,0.272182867356
2395404884,5918885403,309.988,1609.57922730132,31.23443455388295,122909.14527508926,0.192617553548
5918885404,2395404884,314.678,1519.0833901281023,29.83698087345822,113614.33149850485,0.195531783538
29275987,29275992,14.813,1166.2631505309105,1.661014084925208,4559.496874266328,0.009204368623
29275987,2058326252,915.541,2054.232586133713,195.34002250860217,806126.635998497,0.568890626711
295706305,20246112,675.428,925.750076859543,50.756485115390774,133385.36621214525,0.419691371788
29275991,20246112,15.705,2700.839428418954,1.545371889553854,10300.631376928655,0.009758631555000001
29276965,29276692,46.044,1569.409078419005,3.6938758573359722,15810.768020881864,0.028610406324
3243910627,29276692,1133.619,1455.2098000934634,191.89534057630706,591897.9416702535,0.704397971649
29276965,29275987,426.441,1695.5070730347568,45.80451708282945,185449.07765297973,0.264978070611
29276692,29276782,59.255,1405.3315054438074,15.466543480190797,41334.33131311788,0.036819338605
261022410,20246181,2130.842,2994.7114793557475,422.162221870208,2585650.5999851595,1.324043424382
261711282,3124623134,185.009,1194.073747939137,16.306348155127566,50488.67760812351,0.11495922733899999
20246177,637635757,20.43,0.0,1.47096,0.0,0.01269460953
20246181,261711282,114.978,1119.497334189314,9.712041570333486,28814.84923316267,0.071443994838
29787103,29787110,19.663,74.57641374982286,1.415736301761972,308.3744111782389,0.012218017973000001
29787110,261711282,89.432,74.57641374982286,6.439108337731044,1402.5603576350588,0.055570451272000006
29787096,20246103,456.157,1196.7687213110275,53.141707197729865,147906.15961932845,0.283442731247
29787103,20246103,165.614,1646.433933190724,12.043474368219217,57523.01522761718,0.102907736794
261022482,261022410,56.424,0.0,4.062528,0.0,0.035060237304
20246105,418948263,73.705,571.125272237738,5.3690116972084985,8885.234851418218,0.045798149555
20246181,29787110,75.41,1875.2141451664331,6.891684109474278,32934.32843971069,0.04685758711
261022482,59380577,1869.757,2843.202654501752,195.2437952084196,1338979.4664394443,1.1618127768470001
418948263,637635757,23.243,1194.073747939137,2.048594663879214,6342.979712584873,0.014442526152999999
7236745756,418948263,201.185,1194.073747939137,25.21108909345567,68553.96900250786,0.125010524635
20246107,20246105,25.493,46.76085198186664,1.835496967563192,250.68622066553752,0.015840610903
598284527,20246105,32.5,524.3644202558713,2.35950495522546,3593.238206047848,0.0201945575
637635757,20246107,81.283,1194.073747939137,6.111488296195116,20708.55368469219,0.050506898993
2058326252,598284527,401.22,2054.232586133713,32.432624034075296,180912.23921636597,0.24930647262000002
598284527,20246107,25.201,1529.8681658778426,2.030941893086928,8451.74382233397,0.015659170571
2395404884,20246107,612.881,1519.0833901281023,48.55218718690692,202645.79067618022,0.380826479851
26822972,20246266,101.293,3192.701789581413,23.79661486334277,148872.2326539106,0.062940532703
26745282,26866793,57.512,4613.987170045476,17.073074101990436,143776.27933328954,0.035736288952
20246266,26745282,20.452,1561.7517922997686,1.9938892381741078,7714.28458999119,0.012708279692000002
20246266,26703653,355.327,4037.198971110046,72.4171475923171,593934.4510225777,0.220789893317
26703653,26704113,95.896,1863.7953731531932,32.006032002583666,104379.80081387075,0.059586993416
26703656,26703653,14.248,1267.868272489773,1.82450702605698,5237.165845257639,0.008853294008
26703656,26745282,361.186,3052.235377745707,75.16027796468667,463700.74137008993,0.22443050600599998
26703653,26703654,16.258,2915.3164446690157,1.753240662387948,12188.370622202676,0.010102249718
26916066,20246267,264.09,2117.6269749091343,26.21454516564604,136519.35721861492,0.16409786738999999
26868547,20246267,23.463,3808.600884173048,4.138704605808762,33105.35729496333,0.014579227773000001
20246267,26866513,32.672,2026.8530833619543,3.099953249510406,15745.187037207064,0.020301433312
20246267,26704079,301.399,3380.000184938046,83.38470982503482,526447.7128632128,0.18728059802900002
26704078,26866513,294.831,2662.968592176361,28.583905728763177,189005.02695321664,0.18319943330100003
26704079,26704082,23.154,2849.476521294553,13.784645635018403,51975.54774035638,0.014387224134000001
26866513,26868548,21.789,3933.5004523445095,42.97667409327529,92588.72260904801,0.013539052719000001
26866513,101472351,226.789,756.3212231938064,16.4294162891811,36140.800746849825,0.140920107719
303134911,20246220,521.758,1830.39113915542,84.05806643691686,329736.4879415062,0.32420529021800004
27379359,314364933,541.799,1768.6654624293528,34.69998005068452,195603.7382280865,0.336658186429
20246220,27379359,1854.877,1296.1047437338136,175.10432255753173,569986.5077244303,1.152566776367
27378825,20246220,417.683,0.0114987296948689,25.06098,0.969778419317703,0.259536103393
301288388,20246240,130.955,3520.4544709051625,40.97014144084504,258472.7727060317,0.08137163930500001
28255899,28255885,12.354,0.0,0.8894880000000001,0.0,0.007676417334
20246240,28255885,97.63,2567.648548127319,9.134758719474732,59137.937732869366,0.06066445073
20246240,276248266,791.021,952.8059227778442,71.0955635832923,173991.23690400567,0.491517509791
20246262,4182868866,20.362,2853.3901064877314,3.559589934113754,21374.77947922162,0.012652356302
20246262,20246266,1140.073,2406.2489738284025,245.85606037971675,1185299.8791512074,0.708408300083
28255885,276505293,355.485,2567.648548127319,33.260982314785174,215329.81455463555,0.22088806993500001
3600010793,276248266,197.748,0.0,14.237856,0.0,0.122874872508
4182868866,26746095,34.177,2605.6336942898533,24.94446265994694,75893.63413803079,0.021236596667
4182868866,2020514544,32.296,247.75641219787784,3.8771299998396183,2214.1014993213344,0.020067797816
21590986,20246262,428.906,3286.806282601051,92.86068612213712,610915.2102637041,0.26650975012600003
26765760,20246262,17.556,1972.832797715082,2.403568563043596,10553.612057186147,0.010908789276000001
21432647,533757985,151.55,1396.00364860784,23.39718125657565,70672.67600644079,0.09416877505000001
270975461,21432647,16.979,1855.729956592657,1.49548498517643,7198.605006099443,0.010550258209
26763067,26704061,11.184,2492.0160142197474,10.161611479450716,25504.30615020952,0.006949413264
21432647,28341799,13.475,2828.1971899306186,1.39793645960646,9559.334678241232,0.008372974225
28341799,276505294,277.449,3385.127500080745,38.05189954493666,286561.646101974,0.172398762579
122341702,28341799,171.767,996.2813378821504,13.092343002985933,36693.755899038806,0.106731032557
3464927698,21432647,770.695,2368.470881945802,67.522751160535,415924.4887823199,0.478887522845
28341799,28245703,16.956,439.3510277320247,1.223539145320542,1567.7037129305843,0.010535966676
21432798,28794056,320.233,3801.6143098357984,56.24217545711292,449490.06913579797,0.198983499443
29221603,21432798,34.451,4394.119957328245,8.85280141744467,74320.28687903508,0.021406852321
122341702,533757985,8.255,0.0,0.59436,0.0,0.0051294176050000004
21432798,29123438,29.208,2933.754058133928,5.49579218066673,33372.16769161437,0.018149004168
29123438,29221602,32.615,1845.8033612601785,2.53611125652789,13006.603360378997,0.020266015165
3274025415,29123438,319.818,4329.2197077786,78.76473941554845,659507.6983215442,0.198725630478
29266244,21432798,1483.242,2341.248410641481,128.9045443146492,788095.0492333724,0.921643564782
29123438,29221595,151.296,5417.17040465235,75.53700895243114,596829.4012865137,0.094010946816
20246271,26787971,490.448,2370.752484876444,101.6986991421479,487760.12791239977,0.304750164208
29831527,20246271,11.241,2406.327040671172,2.424324488506584,11688.068762309005,0.006984831411
26704079,26762956,1118.956,1891.2641751960089,99.97406718301879,487033.32215635007,0.6952868086759999
26704078,26704079,51.179,1360.740511552512,7.491158646388932,22327.27385673296,0.031801146409
26704108,26787971,14.698,984.7419727758244,1.3580718935237222,3391.006630594389,0.009132910958
20246276,26736159,13.087,2108.4934485494314,2.05059811479693,9324.003416180312,0.008131882277
26787978,20246271,35.751,1440.8358815971974,5.916429240024618,18160.081569115337,0.022214634621
26787971,26787967,12.133,3355.494457652269,7.464341745992701,32509.676513105846,0.007539094343
26736219,20246276,367.582,2107.316914008421,36.29379377126941,188492.3481454987,0.228404794922
26736159,26736127,13.705,2724.414996864501,28.942387564721617,40731.07458472894,0.008515889555
20246276,26704061,1974.368,1478.8392845224146,346.99631800032887,1078620.194888754,1.226815018528
26736160,20246276,13.889,1480.015819063426,4.075984923765942,11053.1392471859,0.008630221819
26704061,26762967,13.31,1341.7721817395106,1.143176516602422,4029.734012409316,0.00827044801
26704061,26763054,153.998,2629.0831170026518,25.28945517705699,141883.80192892108,0.095689891258
26736159,26708460,484.541,1142.6986290310067,88.0133721757039,209839.82077958874,0.301079725711
26763067,26736159,1979.67,1758.6201773460753,223.67391961960183,923582.0799790118,1.23010952757
3163433362,735967920,106.166,3750.035435273708,40.5662876458302,252021.05420098547,0.065968473586
3163433362,3163433363,23.395,336.06627165424896,1.68680892600099,1654.1173230457382,0.014536974545
2938442114,21432801,13.878,2305.523717362098,1.614065688667566,8658.702634778627,0.008623386738
735967920,735967926,12.751,3750.035435273708,2.16917908287237,17222.97390935272,0.007923101621
21432802,2769140801,849.672,2324.717361957653,100.08946701728537,539319.3191319277,0.527961540312
29221583,2956750282,242.938,1568.8541948213085,29.174539813670712,105488.75226488471,0.150954627998
3163433363,21432802,29.877,4260.189301971278,4.151103843743802,39217.7110613913,0.018564701367
21432802,29221583,23.515,5108.884561645601,9.641084284400275,79102.24094554715,0.014611539065
2769140801,2884508640,72.59,2485.144109176483,9.568049972080374,53428.482956730186,0.04510532089
21432805,2769140801,75.192,1715.655750717261,19.54566847014246,63848.967322764474,0.046722128232
21432805,29221583,846.285,1931.865274399546,154.50598702624083,622057.5721327928,0.525856956735
2769140801,29271261,600.047,1555.2290034984292,119.35327172022076,379278.8052515766,0.372851804437
21432815,29123432,34.011,4095.8315434937904,7.197729977322144,59343.80999384236,0.021133449081
21432815,262471375,459.588,1978.9845595155373,310.0058569543824,753018.6728159492,0.285574655148
29269805,21432805,488.385,1472.500369066791,84.97074217867997,263589.4603148567,0.303468275835
29270503,21432805,62.958,2175.020656050015,6.742344530058168,35054.27452071019,0.039120275418
3274025415,28794056,36.392,2235.185985112661,4.044598807846518,21340.02877365073,0.022612933432000003
21432799,29221586,21.554,3970.856747909691,9.954773679142697,59990.26167254231,0.013393030533999999
28794056,21432815,22.931,3359.9312720526773,6.233593132913268,39338.608015307196,0.014248658401000001
28794056,1599952656,1452.059,2676.8690228957826,221.45953686908123,1286249.1258227143,0.902267352889
29221595,21432799,243.752,2190.6858796705737,26.353176818557742,137546.17318306817,0.15146042399200002
29221586,21432802,23.579,4891.640943112666,22.8670302995811,107545.98417895239,0.014651306809
21432799,967017877,345.281,3691.7247729847218,56.68012354866511,446566.53936205065,0.214547600251
29221583,21432799,23.809,5471.895641223839,12.304374065229235,96423.53496619505,0.014794222139000002
967017877,3274025415,373.653,2727.2620905911226,59.3175418935862,347844.4201794527,0.23217713826300002
967017877,29123671,33.81,2797.9271561388464,18.882563179321824,72511.31178177956,0.021008553510000003
29221586,3163433362,34.004,4086.101706927956,17.312106533228903,102118.9333743675,0.021129099483999998
262469034,29221586,348.299,5006.885902130934,133.6780111420539,1106716.138583031,0.216422897929
21432801,3163433363,114.34,3924.1230303170287,50.746516926376074,308158.6925823037,0.07104756014000001
29219438,21432801,628.558,1618.5993129549315,63.74223522703898,251607.44428080218,0.39056771301800003
262469034,967017877,24.833,1833.464473745248,2.228006604222654,10501.137972470622,0.015430506043
21432801,735967920,25.673,0.0,1.848456,0.0,0.015952457683
35244866,34694336,409.747,1270.448662332902,52.65710867925188,151314.22591280637,0.254604903137
21509248,530262,15.556,1280.215474903336,2.026467353387358,5847.091122848434,0.009666047276
21509247,530351,232.983,1829.7087272963372,27.963837126711642,117941.56499262707,0.144768879693
34694336,530340,411.816,1521.9780804209722,77.58472403963351,244337.6544615788,0.25589051973599997
172564,21509247,17.296,2098.291045422703,8.518338950681015,26255.761885285814,0.010747232816
172564,186969527,190.389,358.011411175186,13.712248489178405,14335.33282894149,0.118302203319
21509248,6019010074,633.038,1344.5336070435364,90.45565571640964,267901.26831793296,0.393351455098
21509247,21509248,14.645,865.4462540436756,1.2326599827115141,2832.6265857006156,0.009099978295
530177,21509247,177.186,596.863935917312,12.853746573388849,22292.873209330737,0.110098242006
186969527,27197159,12.846,5.7776419097117575,0.924912000113628,15.60793936037471,0.007982131866
530262,172564,14.278,2452.4422631356097,12.231914245198428,31476.282929081513,0.008871935138000001
270790604,172564,378.499,907.7529193501132,28.353155196912166,73211.7580442373,0.23518830212900002
530318,172566,9.027,0.0,0.6499440000000001,0.0,0.005609116016999999
172566,29690840,109.416,1019.0449142909956,10.437485091458676,26592.04859181582,0.067987929336
186969527,26982474,387.824,2072.127870042552,31.470723740905743,176686.6344629348,0.24098258670400002
530177,186969527,15.218,1719.8941007770768,1.3044948510510541,5900.230092515379,0.009456023878
530312,172546,65.923,1582.195680541632,13.708031174623265,43847.45687125848,0.040962640433
28345850,35244866,19.106,1364.424917769868,2.812030533441804,8393.141729028237,0.011871914326000002
172546,28345850,64.155,1463.9176154669449,11.010672865580826,34060.77032064744,0.039864056505
172594,172546,646.628,1463.9176154669449,110.97824602485858,343303.6831252371,0.401795886988
223826118,172594,11.758,846.0737153666487,0.977275185138258,2210.508766494914,0.0073060802179999995
172594,95790027,761.422,2001.8867486429292,151.89845118950836,620898.6103036966,0.47312554956200004
28345850,172587,678.201,1212.0861759660954,80.58451505402378,225816.84643709252,0.421414433571
530312,28345850,19.683,1112.5934782690192,2.071426319329416,5543.263176290722,0.012230445393
34694336,172562,1124.293,1270.448662332902,144.4843249330004,415186.74937018857,0.6986030657029999
172562,21509248,239.484,1759.3028279031964,20.353314548446086,94590.73861889652,0.14880841256400001
811273887,172594,58.781,1847.6208082533296,16.116591705407366,55779.15069400172,0.036524808751
172562,530351,13.66,1719.8941007770768,1.93234530857352,7338.288718888401,0.008487927860000001
530351,27197164,10.932,1829.7087272963372,3.444976064489184,11266.502185796518,0.006792827772
530351,530177,260.12,1719.8941007770768,22.297621281075067,100852.1390238601,0.16163102452
27197164,172562,15.732,1521.9780804209722,2.963854922080524,9334.071478499018,0.009775408572
21537087,172562,1346.049,2208.748266347373,147.15088044780413,771440.0880724812,0.836395813179
95790027,28255854,127.088,2001.8867486429292,12.35089812613501,61332.2055282216,0.078968797648
458330,26708458,168.607,3075.024641761694,14.78858002561032,118203.4629324734,0.104767500197
28255091,223826118,766.257,2298.118544005539,224.83575236619538,946778.2467240889,0.476129878347
28255091,95790027,12.278,0.0,0.8840159999999999,0.0,0.007629193138000001
26785781,26708458,104.923,629.2181119835686,7.6850142421857655,13960.147844297551,0.065196109433
26708454,26708458,388.364,2498.7926236024614,51.70454820958409,289566.5616856285,0.241318127044
458330,458334,302.682,5879.293993931093,28.62094333181186,422302.9323802256,0.18807781702200002
26868597,458330,1094.824,8837.990730966732,126.81866327723083,2611175.7904015435,0.6802918837040001
1020330221,26836035,469.777,5717.928464190912,32.03310868415821,556177.2549856567,0.291905804267
1020330221,1224092187,168.551,3291.800897594514,10.68547488507285,113033.5729395441,0.104732703421
26708458,458334,150.284,4068.7763140568986,15.047888079426636,150053.07208373165,0.093382119364
458334,1020330221,358.858,9948.07030798799,53.695358858822146,1164061.771063306,0.222983954318
26836035,458350,1327.168,8548.401189774004,108.36520148708453,2501091.6516528265,0.824663707328
1515731488,1264863307,411.942,1390.5889065275007,24.942069308061864,115815.36072505442,0.255968812482
458350,1515731488,169.983,5929.952683672741,12.208732828476197,211812.33986932237,0.10562250669300001
458350,16541572,1057.192,2618.4485061012588,48.65168435447079,552909.3038890644,0.6569084502320001
29690839,530318,109.316,686.1429569124253,8.396344043651665,16129.154214470478,0.067925792236
29690839,29690840,9.212,0.0,0.6632640000000001,0.0,0.005724069652
26982732,172566,206.594,1019.0449142909956,19.707554607962393,50209.820197938076,0.128371520374
530318,260745450,205.96,686.1429569124253,15.819377028344405,30388.60369947983,0.12797757116
172587,172589,466.724,2277.7129762058453,133.3247207585148,561411.672024143,0.290008758604
29492980,172587,18.379,1859.864945543812,3.069014671711974,12135.415400684129,0.011420177609000002
29690840,270790604,59.673,907.7529193501132,5.175387643846566,12280.77460525585,0.037079071683
172587,530205,15.639,716.4775671019371,1.2154056246887641,2420.3592699556566,0.009717621069
530202,172589,19.048,482.08900394405737,1.393774494531282,1941.1218088298535,0.011835874808
172589,811273887,293.7,1970.919046789474,93.87895223381537,329016.26840769855,0.1824966627
530205,29492981,18.258,2928.872422832029,11.980138275391147,43808.27687294329,0.011344991718
530202,530205,466.936,2212.3948557300923,122.42423525408378,514382.97339901497,0.290140489256
811273912,811273887,12.058,0.0,0.8681760000000001,0.0,0.007492491518
223826118,811273912,56.735,1813.9186262031544,14.934628972625951,51386.23267201984,0.035253483685
30432115,530202,1750.773,1108.7498782466985,183.45022411614374,489999.1947732584,1.087879569783
811273912,530202,311.84,2005.1651918174707,50.595626255345096,217080.67391996822,0.19376833263999999
4584515687,267405714,435.972,7007.939540788688,26.835988324327932,619257.0864087613,0.270900357612
60114464,4584515687,178.964,795.3045866853483,12.89798830749975,29940.49239848373,0.111203039644
484082,26726896,263.393,0.0,15.80358,0.0,0.163664771803
267400443,484082,365.753,6212.634954103334,20.198637878042646,454951.98262938147,0.227268307363
484102,27216277,216.041,9391.223634446726,21.255755417875818,492666.48708841414,0.134241612211
21487105,484102,262.903,1904.2362659731605,19.536410003422688,106377.55466633184,0.163360300013
26726896,26726893,1141.035,605.4967465824164,82.81170523413155,145657.80373622972,0.709006058985
26871117,26726896,11.455,605.4967465824164,0.8313575687485261,1462.2777932302763,0.007117804805
27216277,26785781,180.182,3629.765188000701,15.39060821066825,147184.13457581133,0.11195986952199999
484107,484110,312.56,9532.113220737148,31.7761489697842,737955.5749413901,0.19421571976000002
26836036,484102,530.353,7486.9873684735585,60.01519754901904,1054487.3450927157,0.32954597396299995
27216277,484107,422.496,6279.047035197504,33.25868798458944,575949.5423831396,0.262526762016
484110,26662459,157.486,8166.714304819511,22.28317549252321,401798.79177688685,0.09785723330599999
487673623,26662459,106.686,2310.530442525555,13.524514844379997,70938.38701608946,0.066291586506
26785781,484107,241.438,3253.0661855396397,18.44529918535299,168554.58507850004,0.150022571498
484110,487673623,128.557,1365.3989159176344,8.760221438392321,36338.22869032655,0.079881591647
487789301,16541572,524.004,1398.2377750622709,37.79780408728204,154167.70903909905,0.325600889484
458356,458362,957.511,4810.644157749635,99.4035479958665,1155912.6306437652,0.594969567581
1515731488,26750448,124.438,4539.363777145236,8.994473405869345,118934.2450340464,0.077322164498
16541572,16541582,1488.795,3884.678441926555,69.32283118046976,1154770.1765186298,0.9250940379450001
458362,458365,137.002,4829.684540226723,10.37611284254034,141547.1778948938,0.085129069742
26905529,458362,174.382,19.040382477086755,10.462920053695104,670.4295894713052,0.10835591772200001
458356,264975541,739.12,972.2900156663184,33.33293872299351,143641.8298741955,0.45926773352
484245,458356,3262.734,5782.934173415946,225.97856253794237,3922980.0038830354,2.027368288314
458365,26868597,251.271,2903.141873221251,56.8925764980498,326828.03561479656,0.156132512541
458365,26839931,256.484,1926.542667005471,19.087669051729105,105049.63824253873,0.15937171956399998
264975541,268095463,87.979,2182.1085617588988,5.57081529138717,39102.12417795618,0.054667599209
26905525,264975541,138.275,1209.8185460925804,8.990492832440003,34252.67024625341,0.085920075025
27527878,26839931,348.893,1981.9074273618048,48.18603067282217,212093.3675337971,0.21679199230299998
484082,4584515687,141.168,6212.634954103334,10.914464783330178,189065.84060280022,0.08771770132800001
27527881,26868597,305.973,5934.848857745477,22.003116919815106,381727.93385834066,0.19012274898300002
26839931,26745939,176.423,3365.432092696288,43.385974482759494,282519.12077145465,0.10962413593300001
484310,27088394,712.605,3067.9391586646284,39.00000603423484,437460.878212808,0.44279208145500004
484310,268076066,380.662,0.0,22.83972,0.0,0.236532327602
26804459,484285,265.206,84.42800100484392,15.91236197305756,4521.116626775041,0.164791317426
484285,484310,4341.964,3067.9391586646284,237.63041544815212,2665487.029432006,2.697970512644
26190998,268076066,89.553,0.0,6.447816,0.0,0.055645637163
26280890,268076066,1786.326,1047.045320303661,175.18793979038063,453307.74760681356,1.109971172946
27088394,1657703360,874.562,3110.728394020335,41.13170972910466,543061.828873872,0.543427464502
268076066,27088394,348.188,0.0,20.89128,0.0,0.216353925748
1657703360,484322,750.272,2544.513441460934,37.21613701449232,380859.5905161014,0.46619726291200003
1940748551,1624946277,162.31,2616.385661705572,4.9792936646727535,93699.31050913496,0.10085472701
484322,1940748551,1862.0,3249.7589313843773,85.2153972792231,1208832.210740839,1.156992802
26914815,484322,99.212,705.2454899234435,6.010218410794812,14147.156868166825,0.061647459652000004
530168,27197159,429.734,3392.7047053810493,59.18917365222262,446273.5060203002,0.267024245314
530190,530168,18.121,1773.2548421264926,2.72702608756431,10524.194380969915,0.011259863891
1940748551,268053213,134.326,0.0,8.05956,0.0,0.08346628094599999
530168,28212143,17.282,358.59833580452107,1.2505031720672222,1305.2979063545035,0.010738533622
484119,267398957,217.492,6958.230170003935,13.286512013021477,306372.4019138186,0.135143221532
77752644,484119,489.08,145.90178767684955,35.21379894161747,15006.095185586653,0.30390012868
487689287,487673623,164.095,1938.244510624119,10.184809520643409,64552.727377954005,0.101963874245
26662459,26662382,210.476,10477.24474734506,26.87916847001469,638048.0440949355,0.130783682596
267398957,267385833,486.955,3508.8254845777865,23.51416369519096,340917.4689222325,0.302579715305
484243,26839923,291.547,629.7885532245657,17.499535803991296,37076.780816115956,0.18115885093700002
27009012,484119,430.948,6812.328382327085,39.5259050285963,685060.2613074419,0.267778589708
267398957,267385837,612.865,3449.404685426145,37.10717323852429,427405.2114453586,0.38081653791500003
26804459,26839923,60.766,2249.682947206734,38.13904582500485,110047.45328751145,0.037758230186
26839923,484245,262.948,1724.9978674182216,16.11778589089783,91874.00153338652,0.163388261708
484243,484245,551.979,4057.936305997728,33.0206184798599,452094.3361320872,0.34298374320900005
274115813,484243,3981.282,4687.724859222297,220.86171813760274,3737886.0580801275,2.4738531776220003
484282,484285,586.241,2956.7852443131665,25.041236694074033,347408.5236734195,0.364273156411
1809204022,484282,3906.147,4570.058258863299,187.47126405911828,3562073.456034517,2.427166467537
26804478,26839923,733.256,688.9289065067538,56.377539736872144,108670.32162230727,0.455624013976
484282,26804459,323.854,1299.9465027823965,19.566653377198158,85088.79750310397,0.201233483834
530311,21509249,1055.954,727.2580960175305,77.29441729876572,162353.77784141694,0.656139192934
74416800,530311,393.459,1940.5356317897072,72.61996823482298,292964.84811131115,0.24448401228900002
186962583,530215,13.737,0.0,0.9890639999999999,0.0,0.008535773427
530311,186962583,14.357,1940.5356317897072,2.649843780285498,10690.049851024087,0.008921023447
6019010075,530262,628.225,1392.2695080517617,96.43751869413082,290892.1695862738,0.390360796475
270790604,270790605,9.26,0.0,0.66672,0.0,0.00575389546
95760114,74416800,1184.349,2227.433875163553,99.73777133302278,589724.8305959629,0.735920122479
530262,270790605,382.681,220.0427198194861,27.572493285725283,17711.97290774912,0.23778687565099998
29691228,186962583,1061.104,906.1266274761284,79.46466175160575,204857.95082617822,0.659339253584
21509249,29690662,13.124,2122.016726694046,6.717482534664888,20519.669361527747,0.008154873004
270790605,29690839,60.356,220.0427198194861,4.348701411236082,2793.5116632916374,0.037503468076
186962583,29492980,287.613,2846.662259265836,170.6355395417327,644052.5481948887,0.178714377423
530340,530312,18.877,2156.4739862887905,10.214713206058397,30768.717405001105,0.011729620367
28255127,530312,815.946,907.0789591544816,70.73063858372505,167756.4486777019,0.507005181966
21509249,6019010072,117.366,992.7613510304224,10.923376166326326,27407.04788951759,0.072927828786
29691228,21509249,14.494,2387.5199817069383,11.259616079063472,30135.519748455732,0.009006151274
28212143,26982466,29.611,358.59833580452107,2.132078035519098,2233.026387389461,0.018399416681
26982474,28212143,22.83,976.6667647425536,1.67633281148316,4718.763124479351,0.014185899929999999
280807026,530168,301.007,1978.048199059078,27.920067849518354,139790.5119823436,0.187037020597
28212143,530190,12.094,976.6667647425536,1.10947338282564,2756.5967274131817,0.007514860874
530190,3877089193,294.555,1844.6765566706115,25.83213159674487,123869.39982803198,0.183027934905
267425813,530190,757.088,3754.055232889019,35.10100981319875,567551.0665421266,0.470432527648
27197159,530177,10.926,596.863935917312,0.79767956563245,1377.5039318415793,0.006789099546
27197159,27197164,269.888,2801.618411373449,27.681447970782752,188312.18912259303,0.167700576448
5799377310,30432115,1874.848,1323.824680894995,259.8982970765431,763421.2108864121,1.164976176608
30432643,30432115,1124.639,1307.697366222308,152.31657753825945,444500.5962771176,0.6988180600689999
280807026,3877089193,13.71,0.0,0.9871200000000001,0.0,0.00851899641
3877089193,267407438,1259.775,1844.6765566706115,153.20890292517217,649001.3967419971,0.7827876515250001
530215,530311,9.42,727.2580960175305,0.7354025734610701,1482.431436643435,0.00585331482
530215,74416800,399.051,1811.0523580604392,62.81022619945607,245058.511580078,0.247958718921
29492981,29492980,17.019,390.5619687540589,1.2339581442077339,1400.9106341647623,0.010575113048999999
29492981,530215,281.754,2538.310454077969,26.089357807783745,167752.92331038846,0.17507376473400002
29270276,29270294,21.602,3089.5309412946867,4.641570918957636,28758.001124990038,0.013422856342
29266247,29270276,1464.212,2572.394902754971,205.9584811987433,1171426.0066036268,0.9098188746520001
29270295,12614600,22.006,1244.260886921002,1.667140587400788,5858.047926471764,0.013673890226000001
29270276,29269807,1260.338,2576.685846702411,177.8600731535787,1012506.5085195607,0.783137483398
29266247,621219394,25.131,2356.996371394175,7.966502967949716,33490.270272707436,0.015615674601000001
12614629,587656935,83.379,1736.1668555485917,9.249404493129852,37929.61188921733,0.051809292609
621219394,29269512,1271.556,2056.084217664239,127.18588521967833,641159.951237785,0.790108023276
621219394,29266245,23.78,2405.993323475319,2.961708792107754,16254.689149991931,0.01477620238
587656935,516394458,29.654,1048.7228249947136,2.913183270969438,7544.833115946489,0.018426135634
3088844303,587656935,22.1,188.4460292351232,1.5913194213047939,875.8232874035655,0.013732299100000001
12614629,12614675,112.05,5.568920388767845,8.067600002337768,131.22298127794167,0.06962462055
12614635,12614629,324.265,1741.7357759373592,88.08157677684457,288217.5481407332,0.201488867315
12614675,52720021,269.489,813.4573977721329,21.96289525729935,48288.053956587966,0.16745264941899998
12614668,12614635,23.172,0.0,1.6683839999999999,0.0,0.014398408812
587656935,12614675,71.247,807.8884773833651,5.788167365230878,12661.552570734364,0.044270819637
587656947,587656935,27.271,619.442448148242,3.357090726171966,4758.993691141962,0.016945408541
188382916,530319,8.016,0.0,0.577152,0.0,0.004980909936
530319,26871427,328.371,686.1429569124253,23.954575687451698,47579.910438744104,0.204040216641
26982732,260745450,8.68,0.0,0.62496,0.0,0.00539350028
260745450,530319,68.694,686.1429569124253,5.276249201714364,10135.534776325836,0.042684459474
26871427,27177334,978.884,1204.9001066580545,115.23469447945781,321889.67880167306,0.6082501299640001
26871427,26871428,90.773,1080.5432994220946,9.219961853440712,24280.784975295443,0.056403709783
188382916,26982732,67.769,1019.0449142909956,6.464666293440288,16470.32007219022,0.042109691299
26871407,188382916,328.733,1019.0449142909956,31.358720722476463,79894.01833126225,0.20426515294300002
35244866,530340,19.106,1471.3355379130508,3.317963189316186,10288.834953549296,0.011871914326000002
21537087,28255127,925.23,907.0789591544816,80.20397028335198,190224.96465460982,0.57491109033
26871407,26871427,12.466,1599.3004491677227,1.247005129761438,4889.562505740796,0.007746010885999999
530340,28255127,807.278,836.8396320452324,66.71214754305633,149723.42631809582,0.5016191381380001
12614600,621219394,1474.499,2105.081169745384,336.0160945235559,1397302.423745772,0.916210918129
27195163,12614600,723.966,3954.6421680665057,139.97836929340494,1138615.1966261582,0.449851477386
27197164,27177929,1339.671,3109.349058248816,292.8103196573447,1817991.914129629,0.8324327089410001
12614600,29270276,24.987,3093.821885242126,19.97195741422585,67964.14236890103,0.015526197177
3088844303,516394458,18.518,1071.5570662247376,1.339834481363916,4179.324003146127,0.011506548178
516394458,587656943,27.223,348.96413753064866,2.100171366510366,2046.234178706379,0.016915582733
506039617,28237832,4001.318,2120.279891219452,634.6062111463449,2893778.1580769555,2.486302966978
516394458,506039617,87.948,2120.279891219452,13.948490736776916,63604.54266482995,0.054648336708
1822620447,12614683,1552.917,2353.81995094698,490.22641215421913,2061181.318571963,0.964937589207
29784919,12614683,14.309,2582.14104859792,14.82887077113969,35078.16425749596,0.008891197639
12614683,598234402,15.591,2715.748681321048,1.5433183801278,10318.8702324039,0.009687795261
12614683,1791505417,195.636,1124.8006204203468,20.878728811068775,56204.907042346895,0.121562536956
1791505417,598234402,201.942,1287.4814547004366,26.576240088844237,76914.27993849,0.125480902482
29803523,1791505417,1141.936,1287.4814547004366,150.2825826331047,434932.7290798324,0.709565914256
598234402,288267826,16.847,2216.475705515432,10.033237937772894,29420.885425584354,0.010468237237000001
598234402,29804381,1011.236,1786.754430506052,77.92252123991933,389011.4202338801,0.628352724556
101212646,12615171,14.91,1721.875486643046,2.1139511591147278,8032.859509770904,0.00926464161
29420472,12615171,252.594,731.1911519072304,19.752990112179056,39992.527755465075,0.156954586374
12615171,29420114,20.736,731.0879432398427,1.621494057844854,3282.5536312958848,0.012884749056
12615171,1993003775,151.436,1721.9786953104333,21.47324528565017,81599.35169322745,0.094097938756
12614672,12614668,334.503,1667.2985338098583,27.588829412652018,123497.69091780289,0.207850463613
104306737,2328014806,326.776,1667.2985338098583,65.25532060036439,222102.5697691179,0.20304912989600002
595368926,12614635,339.542,1741.7357759373592,92.23133776992077,301796.2553183379,0.21098155208199998
12614668,104306737,340.864,1667.2985338098583,81.6823375074887,265420.0000969,0.211803004544
587656947,12614672,75.151,1625.9331352397985,7.661413707866179,30317.278737612156,0.046696652021
52720021,4097946152,1431.72,2493.4536626340337,130.54203912169078,830406.5664752951,0.8896292881200001
595368926,104306737,16.872,0.0,1.214784,0.0,0.010483771512
29806604,12614672,136.419,41.36539857005987,9.822176664237054,1186.69530668055,0.084766810449
12614678,1769691978,763.459,1427.230838689478,80.11634650580227,275311.3469352967,0.47439128228899996
29804381,12614678,1496.761,1786.754430506052,115.33548134518836,575787.5731883394,0.930043879331
1769691983,52720021,767.477,1679.996264861902,103.79025220007834,389262.9520487698,0.476887950967
12614678,12614682,264.14,359.523591816574,19.036989729838506,19976.701858603145,0.16412893594
1769691978,29808283,357.517,2723.3478707715594,29.581883733483426,215908.36356654353,0.222150695807
29806609,1769691978,303.854,1296.1170320820793,40.47900826681926,117569.24682639251,0.188806063834
12614682,506039617,139.516,0.0,10.045152,0.0,0.086691196436
12614682,516394458,84.591,359.523591816574,6.096607852793094,6397.551249038755,0.052562394261
1580858436,12615195,273.584,704.941071502448,16.424932642988225,38945.31468338333,0.169997163664
26970118,29422506,1099.936,3400.589933932833,108.69543245188704,910645.8599930864,0.683468332256
920062552,12615195,619.848,1326.9172875475372,86.31284842601356,253848.84744033802,0.38515557160799996
4523973580,12615195,423.283,1399.1169609401534,65.66104934829605,198561.64362309864,0.263015780993
30557404,920062552,50.617,1352.395343265494,12.195660872328853,32095.883682005395,0.031451935906999996
76621139,4523973580,19.331,1086.2494761821588,1.5071545444407002,4541.455405529682,0.012011722801
1580858436,26970118,284.896,2397.057013537249,18.471001785852742,139744.78745631693,0.17702611241600003
30554089,920062552,8.526,695.8726331163672,0.622438549563072,1253.2165846984742,0.005297809146
12696810,1598889794,420.967,47.92038409583046,18.943518900505044,4032.5184572040903,0.261576685757
1594541232,12696810,1304.206,666.8507297515549,78.2901234010624,175622.1862474799,0.810395786426
4523973581,4523973580,32.215,312.8674847579933,2.426613785975592,2151.8962036229727,0.020017466765000002
12696810,2960693872,362.918,618.9303456557248,21.78287804968992,45357.32455993394,0.225506720578
1598889796,1598889794,141.822,1283.6539302625126,10.278843230649265,38364.10205648691,0.088124077962
16541457,256724098,20.709,1031.70462453473,2.000012214877998,5131.860524290324,0.012867972039
2960693872,1594509597,1400.752,1902.584275918238,86.73261241953588,540683.9705976759,0.870386670992
1598889794,2960693872,229.777,1283.6539302625126,22.872331043688156,72123.49616585631,0.142776764267
1993003777,29420114,167.951,2035.8796392133368,16.616806302809263,83305.52124845455,0.10435988082099999
1993003777,1993003775,13.258,0.0,0.954576,0.0,0.008238136718
29420114,101212646,12.755,0.0,0.9183600000000001,0.0,0.007925587105000001
29420114,16541703,563.247,2766.967582453178,56.934162101507326,384660.2884648826,0.34998535163699995
12615173,281814186,1366.705,3085.1799245904763,292.5630748060501,1811784.8073307064,0.849230852555
16541703,12615173,35.326,3124.248071500693,29.261551625949924,98162.04393157168,0.021950551946
1993003775,2014503183,1519.13,1721.9786953104333,130.32184728936022,589922.358110949,0.9439433272300001
12615173,16541701,19.457,2877.7358165512587,3.493297029626514,21029.695175520563,0.012090015547
16541701,5896652502,902.879,2585.765550104541,128.29943522219304,731735.6601500217,0.561022827109
1599952651,16541701,1362.504,2725.5754434827927,216.0058558302,1266281.8083754303,0.846620472984
29150075,12615173,1088.888,2791.5165437974792,182.0829785888067,1080309.7334087493,0.676603425448
16541701,16541702,35.154,3017.545709929511,25.66872014110936,90417.79032827815,0.021843676134
1599952651,281814186,17.762,2714.7509173805497,2.791643105051694,16332.054693173828,0.011036791702
12615195,26970118,215.158,1003.5329203955844,24.260935193823407,57201.39481286002,0.133692941618
281814186,29123149,710.324,3141.6126445898685,159.64357601086388,994345.239816827,0.441374734204
281814186,29123397,23.825,2658.318197381157,11.160128970510835,44707.76530799607,0.014804164074999999
27539568,21487272,16.914,833.9381920424353,1.395263062091562,3123.6311741880368,0.010509869094
26952503,27539563,17.307,2013.7686730786995,7.420105448482098,23506.830322581292,0.010754067897
21487272,26952503,27.778,2072.121303315503,6.065295499158702,25102.322816788765,0.017260443638
270654819,21487272,32.109,3726.068383304935,12.016808270655714,74835.25994115074,0.019951601439000002
21487274,1315015330,23.296,2948.361116038688,15.65169979568515,56781.10923338456,0.014475458816
27544587,21487274,63.126,4267.918928272413,14.936653939137631,124671.41685364646,0.039224665746
26952503,270654946,29.039,2019.3989884041205,9.87389757118242,34641.76927051966,0.018043992469
21487274,359508217,15.609,3511.191176773397,1.54070261770539,13333.9576742266,0.009698979939000001
359508217,27540475,63.273,3280.53672347912,8.191512987244236,60663.923857929876,0.039316007283000005
27556461,359508217,3282.495,2374.1101427492417,399.8597702052031,2178948.524513849,2.039647200645
3469757950,21487274,39.71,2191.6333645396708,2.5167472840878777,17729.128214942997,0.02467464241
359508217,27539543,322.529,2604.7645960435198,21.525707640868063,173026.39474305845,0.200410167259
21487279,27540475,275.359,3446.9405687980216,17.64583377375974,193765.3008242235,0.171100097189
21487279,1809170956,640.475,5792.167651578317,44.459089824063774,771786.1449633008,0.397972591225
1315015330,26554200,354.345,1643.2398105327825,29.564134348766025,129607.59628390695,0.22017970699500003
3469757950,1315015330,48.217,251.7654284273792,2.8930483657940758,2451.165938646821,0.029960645507
26952355,21487269,315.148,1669.282555984943,33.17582779185048,133187.8510111296,0.19582382790800001
27785840,3073311336,311.834,951.1168364384088,27.987658888380782,68418.44642709628,0.193764604414
21487269,27785820,141.485,1035.86831586246,22.86777501823955,50729.28471923312,0.087914675935
772829329,21487269,142.135,1808.174317302697,18.312576255118643,74845.00601281128,0.088318567085
27784976,27785820,748.503,840.2520286849422,103.30959078371258,192815.3677134431,0.46509805761300005
772829329,772829346,44.776,2463.6793175512908,27.198383094273215,87630.59514997782,0.027822507896000003
27786187,27785840,378.201,1987.833691345808,46.348693498220335,211113.5802319129,0.23500313357100003
27785820,27785840,139.866,1432.5256545850546,38.07889570543363,102407.58275698841,0.086908676286
26952393,21487270,18.883,804.2547823752096,1.3934282216927638,3219.315842071538,0.011733348593
21487272,21487270,817.531,2487.8852720318678,193.06676997510667,939861.810784313,0.507990055001
772829346,772829329,44.628,1808.174317302697,11.667056290251935,40099.14798920903,0.027730544988
21487270,235637226,33.264,2461.9739971930107,28.905325557973462,73940.89329427014,0.020669284944000003
29498342,26952393,676.132,1433.8718367116244,101.54678695438034,317033.319748766,0.420128816972
26952393,26952503,792.936,1961.0463581673168,107.34082340200591,469810.1003350029,0.492707435256
235637226,26952393,45.498,1742.69059795165,5.073960938754755,20849.075574975548,0.028271137757999998
2741636994,235637226,568.403,1742.69059795165,48.03263504727823,221789.72030059347,0.35318914051300004
2026362889,1610104682,9233.646,588.1312086586701,554.1805234893776,1096580.8433211956,5.737519848666
1313885463,2026362889,1677.843,424.0327824730703,60.4071135243136,145425.47467600825,1.042562982753
866614316,21508763,244.661,164.0984261855997,14.68007563563651,8106.748415056124,0.152025250231
1313885412,21508763,692.011,0.0,20.76033,0.0,0.429995567081
59209349,21508792,2296.39,1808.7551380623693,106.03675833117263,829536.8621163657,1.42691015069
21508796,26984690,2654.365,1822.424612125591,160.10874568307642,977476.8541382233,1.6493454344149998
21508792,21508796,755.326,1808.7551380623693,46.50332073283215,276917.7068459883,0.469337671946
21508792,26985233,348.133,0.0,25.065576,0.0,0.216319750343
268656340,26985233,1975.432,13.669474063221193,142.23110549615268,5678.595335356312,1.227476157272
26984690,2250437921,657.182,2246.417382061893,41.881437720536,301057.89027421543,0.408353836522
26985233,21508796,423.943,13.669474063221193,30.523896041612737,1218.670516304196,0.263425885853
26985243,26985233,29.543,1187.5075536696727,3.4014988353345603,9427.911976475125,0.018357163453
267428802,21508808,420.805,3972.7508837367536,30.44735266883799,352105.296781455,0.261476023655
267426358,21508808,336.514,1625.4872812561848,24.641797906787854,115656.56249304597,0.209100040694
26984690,26984749,250.944,292.80847999170174,18.073153886764004,15453.486992351987,0.155929324224
21508808,267407438,1417.085,5598.238164992943,216.62149561873468,2629844.6397916544,0.8805355235350001
27540475,28096372,1649.168,3020.33268527132,333.9428013397329,2052179.4297926868,1.0247451693279999
1809170956,205325342,234.453,8553.683550715099,19.16468863960589,442321.75824564387,0.145682295063
27540052,21487279,871.131,9239.108220376334,82.76766372408198,1915147.7492690524,0.541295540601
27540475,27544587,15.862,3707.14460700582,1.66845406554669,14879.670912586214,0.009856186802
4543122876,21508603,862.506,934.8024878752174,64.92260178672058,172097.42295036872,0.535936215726
21508603,726624835,396.69,794.5293708815061,29.816610893473847,67240.38593211406,0.24649166199
27544587,1809170956,361.906,2761.515899136776,24.79610258180192,207189.7915544014,0.224877893126
30822924,21508603,9.586,730.1540471598853,0.749293978976142,1515.3044163204079,0.005956462406
726624833,30822924,396.808,1532.749829246619,45.955959154014266,164110.47229313676,0.246564983768
4543122876,2458399622,851.48,884.3288189024394,242.04734254553227,396350.7294870939,0.5290849790800001
3070074797,21508603,253.022,757.0718928521995,18.877419244167587,40759.604366027364,0.157220533162
30822924,245936965,249.537,805.4173560516431,31.303954232601747,57398.700674618085,0.155055055227
726624835,30822849,1860.266,800.5240007010486,100.00267049693822,297683.9062572857,1.155915344686
21508763,2026362889,464.122,164.0984261855997,13.923661539962778,17189.20940656221,0.288391951262
166936001,4543122876,848.66,934.8024878752174,286.0295744356346,466117.56216539704,0.5273327128599999
726624833,726624835,8.971,2.455879402905479,0.645912000002586,4.633134665225908,0.005574319241
29884984,29881318,479.55,1571.5553353514683,47.06172956999221,182726.85588867002,0.29797846305000003
31491543,29884984,5887.393,1571.5553353514683,1002.4265251665495,3334842.741428943,3.658255275803
29881318,29881317,16.778,2031.8932127866312,1.5957468321022379,8116.773634172854,0.010425362637999999
29881318,31532419,1439.569,1237.4884793437814,90.78557205943201,362572.8553370301,0.894506429099
29690662,29691249,14.11,2102.4426739446694,6.996320607353802,21531.433843494797,0.00876754481
29690662,29691342,137.095,1124.7513918476618,14.630263867819249,39383.29396654711,0.085186857245
6019010075,6019010074,11.917,0.0,0.858024,0.0,0.007404878207
6019010074,6019010076,107.69,1344.5336070435364,15.387969701819086,45574.33769403768,0.06691544299
6019010072,74395726,26.582,992.7613510304224,2.474014495282164,6207.36965560006,0.016517283922
21534656,27197225,714.434,2518.4158054105883,279.57880463226604,1154472.0344256433,0.44392856901399996
29691823,29690662,119.249,1105.1773390982842,12.445056526210074,33182.50105933248,0.074097870379
29691823,6019010072,9.67,0.0,0.69624,0.0,0.00600865757
27197225,27197226,37.192,292.2095663375342,2.678985900201792,2285.7564370092728,0.023110030232
27197225,26881960,1283.421,2226.206239073057,141.83674566999005,746738.551308854,0.797480590191
27177929,21534656,613.639,3120.711610389941,135.44426345487102,841912.8673079676,0.381297479069
27177925,21534656,14.299,2571.581154642512,2.0100792582079503,11430.768035341955,0.008884983929
21509215,29808282,563.447,2213.1822822185504,51.47143845128444,290362.8381066524,0.350109625837
29809365,21509215,333.783,2246.867414540153,31.143182473074685,176650.73727462525,0.20740307649300002
267407438,27009012,677.868,7442.914721663554,75.62975628288989,1327065.038135142,0.421207517028
21509215,55198679,245.351,33.68513232160311,17.66531212264723,1738.014632893962,0.152453996221
29808282,1769691983,191.627,3483.360710345896,23.162438923866702,185603.93085337762,0.11907146061700001
21509216,21509219,16.805,2132.458992743784,2.698987935261726,12343.16646678977,0.010442139655
55198106,55198679,279.013,1236.4932958057427,25.266437533804414,79958.98062617228,0.173370586823
55198679,29808282,323.606,1270.1784281273458,130.28495748182377,267951.66124873294,0.201079383826
2453091767,21509216,192.944,1253.522133979208,24.225907546601423,69117.65394515598,0.119889806224
21509219,29881318,13.306,1194.7746112964414,0.8095703446678439,3216.437748676974,0.008267962525999999
21509216,268225769,1029.546,1640.5963023853938,71.51895553958116,351470.4346038936,0.6397300275660001
29881317,21509216,14.278,2519.5331611499664,1.608528164638974,9524.473358129007,0.008871935138000001
268225769,29809370,251.01,608.5759097906733,22.445914245132155,35171.5748783525,0.15597033471
268225769,29809365,357.076,1032.02039259472,24.104106293197066,76106.74091925567,0.22187667119600002
21509219,29884984,482.782,1451.7823058743538,81.28287171439366,250426.43263079494,0.299986734122
558563443,21509219,981.818,514.0979244270138,58.93743579948965,101925.1411024418,0.610073232478
21537095,26723213,12.721,1819.736022995862,1.1050337381081938,5252.295554966118,0.007904460491
1853142989,21537095,13.726,265.0940806213143,0.989742451575804,765.5498355999342,0.008528938346000001
21537979,445830935,92.036,1796.3930435291466,128.3605969063294,168174.37245666166,0.057188501356
445830935,21537979,81.556,1266.0203011821727,7.53524292896622,24189.778647937408,0.050676533275999996
26723213,65052144,1255.851,1023.0231193432884,120.26042702910405,307083.3711761565,0.780349391721
6019010062,21537119,52.477,1105.1773390982842,5.476601324337528,14602.370737621199,0.032607685967
1679818045,21537095,987.15,1554.641942374548,95.78329231042248,369620.9512419308,0.61338638265
26723213,26723214,13.964,796.7129036525733,1.029515868816522,2357.648742847666,0.008676824644
6019010062,21538132,1017.836,992.7613510304224,94.73105928146929,237682.80418242954,0.632453773156
29691792,6019010062,1015.634,1105.1773390982842,105.99353067900648,282612.65319536533,0.631085514214
21537119,6019010071,121.68,1105.1773390982842,12.698760393036768,33858.95671158313,0.07560842328
74395726,21537119,121.219,992.7613510304224,11.281978899390888,28306.791899863954,0.075321971249
287930839,21537775,10.144,0.0,1.2172800000000001,0.0,0.006303187424
21537775,1215285213,57.789,736.7707825101983,7.550324665281073,12528.03566459827,0.035908408719
74395726,6019010071,9.929,0.0,0.714888,0.0,0.006169592659
6019010071,29691823,26.283,1105.1773390982842,2.742944768328282,7313.568041178002,0.016331493993
746509089,21537083,216.158,961.8792008934744,17.032242014483415,45157.285686825366,0.134314312618
30820544,30819613,1535.895,347.70062406073924,111.07139633317622,112459.19814809735,0.954360612045
30819613,21537083,541.653,898.3380799604662,41.799345429314755,104821.1604858835,0.336567466263
21537083,746509088,215.649,898.3380799604662,16.641626728710623,41732.582368454176,0.133998034779
746509088,29047881,25.186,898.3380799604662,1.943602849024596,4874.016663800374,0.015649850006
27177929,21537087,13.11,825.4770799041057,1.07596725567084,2391.144047595297,0.008146173809999999
30437187,30819613,351.678,1568.8959487101522,42.23497857601332,152714.6138703428,0.218522510538
746509088,746509089,12.181,0.0,0.877032,0.0,0.007568920151
8659895103,21537094,432.202,118.73000414462146,31.120407096351357,10791.514962144438,0.268557788942
21537979,21537094,1138.98,1266.0203011821727,105.23432967818367,337825.22542091017,0.70772914158
27177925,21537087,616.685,3030.903997322413,126.00613868709206,775377.3869150114,0.383190175135
8639328022,21537094,191.427,1677.6630393845248,25.820647942874047,96767.98427020092,0.118947186417
8659895103,8659895102,23.455,1476.825533150066,4.109002137593651,12764.395291303925,0.014574256805
8659895102,8659895103,23.557,907.9142501821688,2.043324952162872,4849.208178836327,0.014637636647
8639328022,685123983,31.748,1261.9142942467895,2.924949711826728,9371.458036763757,0.019727286508
685123983,8639328022,31.748,1677.6630393845248,4.28233180737495,16048.885291052653,0.019727286508
301496159,301496147,12.561,0.0,0.904392,0.0,0.007805041131
301496147,3068240673,339.616,1622.970140923583,75.56599944922675,243778.471102347,0.21102753353599998
138548526,458909316,15.74,1143.6492825211717,1.717374055984158,4664.828105014263,0.00978037954
301496159,138548526,74.046,1143.6492825211717,8.079077468195885,21944.845099357484,0.04601003706600001
21538132,95760120,348.447,1188.0818811153154,28.063025254784655,90727.35288928774,0.216514860837
29691792,21538132,15.087,1096.139547547291,1.558732532989308,4137.445125731923,0.009374624277
30437211,445830935,747.948,1266.0203011821727,69.10552109267778,221843.84423178577,0.46475319670799997
21538132,29691794,13.705,900.8190174623988,1.182525354704826,2791.927035718835,0.008515889555
95760103,29691794,345.111,1324.540489191122,29.399563101630697,102740.35574307473,0.214441967181
95760120,95760121,11.409,97.6464403870486,0.821452444417194,234.27813659924885,0.007089221739000001
29691794,29691793,15.218,1849.722460588255,4.960170726429462,16197.959168056826,0.009456023878
29691794,294036287,151.787,375.6370460652654,10.994220363610157,12012.961444176264,0.094316039977
21538141,34967046,14.898,2539.860786894425,3.7291521879683938,18234.313130068786,0.009257185158
21538141,1215285198,98.221,736.7707825101983,7.69973980115841,15684.9114058007,0.061031680991
95760120,95760114,54.454,2227.433875163553,14.56157426655045,61230.65616061323,0.033836136434
95760103,95760120,13.068,1136.9984344352847,1.1142673480771381,3340.992598420444,0.008120076228
1215285213,287930839,55.183,851.7752315657877,7.672132633627812,14489.781670876519,0.034289115893
508065524,1215285213,493.292,851.7752315657877,41.14964736720581,93518.43446922093,0.306517343332
1215285192,21537775,48.085,736.7707825101983,6.28246485542301,10424.312497745383,0.029878624535000002
287930839,1215285192,50.306,851.7752315657877,6.9940797757874815,13209.194076710486,0.031258689526
27541348,21537801,21.802,2951.8227077734414,37.47549575948353,68036.14092370536,0.013547130542
508065524,21537801,100.936,1468.4611818736046,17.44867674627158,54056.84403313557,0.062718703256
21537801,1679931157,46.119,3105.000233101341,9.13240009497312,58000.87551420353,0.028657009149
21537801,2051552149,330.018,1315.2836565457037,19.829646739247288,87663.52623699696,0.205063614678
27542247,1679931157,316.44,2925.2776799077155,19.656601064913666,187901.1650699691,0.19662663924
2051552149,21540765,304.796,1314.9057616571404,18.42117300329013,81006.835679579,0.189391395316
1679931157,27541358,18.507,2163.6714411097546,10.130988781371894,30423.281316675926,0.011499713097000002
1679931157,27541367,74.706,3866.606471899303,76.9300370791097,273780.5606238398,0.046420141926000004
21537932,301496147,78.113,1622.970140923583,7.946375521761365,31413.254915414702,0.048537152923
458909318,21537932,16.33,1622.970140923583,1.661238363273246,6567.132907054158,0.010146988429999998
2051552149,596372698,160.376,0.3778948885632127,9.62256,12.237318004986587,0.099652995496
21537932,138548526,13.12,0.0,0.94464,0.0,0.00815238752
262388158,21538182,14.46,1788.649880495184,4.251646475212434,13924.85988054999,0.00898502466
21538165,2248585262,17.72,1116.7853442099542,1.494652070191944,4427.133816315414,0.01101069412
21538182,262404417,14.225,0.0,1.0242,0.0,0.008839002475
21538182,664208770,17.03,1799.4811078640796,1.9913078971045741,8324.150084154975,0.010581948130000001
2248585708,2248585262,47.41,688.4070343421961,2.86954488578307,6598.183644328879,0.029459199109999997
262404417,262403534,14.403,2060.8583064833924,6.67277098890723,20837.662930574446,0.008949606513
332711124,21538165,30.214,397.1823676440203,2.1813769343163423,2525.800216167059,0.018774103394
260992092,21538165,21.772,719.6029765659332,1.6139285707009259,3326.2898584454238,0.013528489412
664208770,956276867,28.703,11.25784470280434,1.722180001080132,65.24667660929333,0.017835211813
664208770,956276557,31.824,1788.2232631612744,9.350411814891432,30624.30005504052,0.019774510704000003
262404417,2050196030,2308.996,81.50751406167194,166.24992265200314,39577.61907233571,1.434743153516
1641539234,262404417,41.254,2142.365820545064,6.694052120756484,30685.372907698173,0.025634039234
354685073,21540755,141.989,318.7899610048093,10.255019185794673,9528.190421389334,0.088227846919
29551855,354685073,143.731,524.5614694662875,10.584702982460442,15971.583877729741,0.089310275201
29551855,21540755,17.711,507.6566251253314,1.30070901843612,1902.9023621390938,0.011005101780999999
1476399695,21540755,36.336,598.8185156831896,2.717542199940846,4633.781919905114,0.022578136656
4482781015,21538141,108.596,1023.0231193432884,7.980177791062225,23517.42381992249,0.067478405116
34967046,34967047,13.205,723.8339217382169,0.9556745161003919,2013.3087824944107,0.008205204055
1510075931,21538141,296.729,2206.5082500755707,30.90054512407963,164624.740356053,0.184378795459
34967047,21538141,17.498,1265.2827218150085,1.452023658013968,4915.989356436382,0.010872749758
1215285192,1215285198,433.136,851.7752315657877,31.49490049390144,77828.21346877795,0.269138149456
1510075931,27541923,321.629,1218.182521829244,26.192200900601687,86275.48413642203,0.199850933359
34967046,29122661,910.931,2667.802096721994,263.3028860425214,1293586.0727742151,0.566026106401
1215285198,34967046,93.883,851.7752315657877,6.826575816992694,16869.403986482936,0.058336173593
21538164,21538182,699.761,10.831227368895938,50.382792013057106,1593.875653546855,0.43481119233099996
2248585262,21538164,322.282,1805.1923785521496,28.57083586630847,133355.7367787745,0.200256688622
27541917,1510075931,321.137,2206.5082500755707,188.24927799219134,554596.0258718086,0.199545218827
21538164,29562066,130.764,1805.1923785521496,11.592446308580563,54108.295108444334,0.081252957444
29562066,1234643929,6549.903,1846.3443587496372,590.9504245571702,2797391.7616468053,4.069919777013
262388158,29562066,784.228,41.15198019748761,56.4644256371112,6786.723180304317,0.487296536588
1912156868,21538164,10.306,10.831227368895938,0.742032001125972,23.474418397020713,0.006403849525999999
29562066,1912156863,12.352,0.0,0.8893439999999999,0.0,0.007675174592
1976653172,593902037,482.898,1998.8980182330408,67.80253178324666,299793.9675917402,0.30005881315800004
314364933,1976653172,1162.483,725.8376177554915,84.20472669616944,177778.62671428605,0.722333224193
1656195407,21540774,100.709,3110.452852205419,22.0328190706922,136812.25615038842,0.06257765203900001
1976653172,294139689,12.127,2715.8757733015545,1.200486000764208,8026.849839001904,0.007535366117000001
26869714,21590986,12.156,2672.214009048148,3.078619547630766,15784.427220602218,0.007553385876
4731402765,21590986,48.587,2474.4197299120488,4.401959906010593,27871.07293967147,0.030190552777
314364933,314364931,12.886,1042.827844673861,2.0452854542279337,4586.266121151434,0.008006986706
21590986,26746022,25.751,1859.8274563591467,4.2998298255579,17002.102448220256,0.016000924621
26822816,26746022,377.026,2869.129695288316,112.01359550775194,586411.2671762401,0.234273022646
8659895102,23657213,2040.165,1476.825533150066,357.40960759086585,1110273.8230434074,1.267699366215
26746022,26869714,21.802,2366.7159585973723,6.999866482189956,29411.037482462187,0.013547130542
26746022,26869275,319.616,2067.5180641167126,43.18320975197659,199362.49723398153,0.198600113536
26984767,8828014007,891.106,907.9142501821688,77.29418537258789,183434.15984251525,0.553707426326
28302161,28302018,428.511,1864.366419023614,53.036218913290355,225943.1073967487,0.26626430858100003
23657213,8828014007,23.664,1476.825533150066,4.145616140866176,12878.13473346478,0.014704123344000002
8828014007,23657213,23.998,907.9142501821688,2.081577119412684,4939.98802375999,0.014911661258000001
1476399739,1476399695,113.492,598.8185156831896,13.236345572737415,18427.11625363438,0.07052063753200001
21540761,95760103,11.331,1330.4093262986328,1.585876766277828,4670.6341117615575,0.007040754801
30774329,29551855,720.729,512.5484075909603,52.10562219177657,77784.71421840045,0.44784009945900005
1476399695,1476399739,113.536,826.4465861301404,26.55771713623242,43057.830053785314,0.070547977856
95760121,21540761,13.694,2130.102900290268,3.223974748950186,13448.755752385649,0.008509054474000001
95760097,95760103,50.928,1131.1295973277734,4.32862827842478,12933.530217618547,0.031645182288
21540761,95760097,50.838,1246.2168513583767,4.633736731562562,14734.439837804279,0.031589258898
30435420,21540761,436.303,446.52327736674175,31.790061422757695,41125.12318669071,0.271106031413
262644273,21540765,295.481,4238.001514259455,31.68561241459824,320840.96313208994,0.183603324451
206191220,27541936,688.293,5552.9072759165965,35.464843233998685,762841.9789004351,0.427685309703
1450910605,95760097,683.335,1131.1295973277734,49.755118592715945,163126.285740739,0.42460455228500005
21540765,206191220,173.532,5552.9072759165965,15.183987809635944,219423.5818415802,0.10782775237200001
21540774,314364931,1160.686,909.1002748098952,83.96273430021748,222226.6421957795,0.721216620506
552384763,21540774,11.79,1787.5835963835798,0.908609378927772,4537.799076180273,0.0073259640899999996
27542427,206191220,507.499,0.0,30.44994,0.0,0.315345161129
21540774,1976653172,16.53,3988.936173779104,7.752593266539787,46573.749564782745,0.010271262630000002
25663454,3347984840,60.517,467.34957776788303,4.419849530896248,5974.874335941027,0.037603508807
2098466364,2098466408,60.094,467.34957776788303,4.388955792747144,5933.111329775761,0.037340668874000005
3347984840,25663420,49.676,467.34957776788303,3.62807880920736,4904.536865875811,0.030867225796
2098466364,25663420,211.46,792.8713768442022,17.03790291083912,36750.78423817515,0.13139511166
25663483,25663454,301.33,1273.3150304225142,38.878501050908376,111854.99564266024,0.18723772343
6171409026,6171409038,210.747,2489.7142453261367,26.152360856101836,148675.50390276074,0.13095207413700002
2098466408,2098466364,60.469,792.8713768442022,4.872150530197344,10509.236603131623,0.037573682999000005
6171409038,25663454,530.245,1142.3662065648118,57.76629342902335,156813.12768240517,0.32947886589500003
3828086120,25663483,746.928,1136.4396103262814,80.8041332914654,218737.11247115786,0.46411939828800003
3828086120,26708010,59.187,1436.6272792681507,9.73048226397381,29823.57886962888,0.036777085377
6171409044,6171409038,201.758,1532.5318338419893,16.03545846179878,67390.68486687561,0.12536657021800002
287447548,6171409038,898.333,1228.6350219994006,109.08534951255783,307907.11132469634,0.558198074543
26822752,26866997,79.844,2339.246210911826,41.21305099874216,138158.55254536925,0.049612746124
25663747,1818648902,131.435,2403.3677475934383,17.257483625114528,93288.42258722133,0.08166989738500001
350295984,3828086120,65.43,1136.4396103262814,42.58912786368872,60725.57038119883,0.040656304530000006
26866997,25664099,79.428,2787.68433055685,13.497842142501534,79687.05987425576,0.049354255788
26870585,25661285,7.719,2059.36607826158,0.624649724430318,3490.8702318702426,0.004796362749
25661287,25661285,280.588,3242.514090906313,59.31859408821552,387277.7536435627,0.17434924614800001
28302161,1493332095,10.299,0.0,0.741528,0.0,0.006399499929
1493332095,26752897,304.639,1692.6570343631413,32.64927402848402,132067.05206411975,0.18929384006900002
26870585,281157439,236.769,1906.38182741026,30.447404233601517,131265.5038788149,0.147121390299
26873454,26870585,195.78,2664.916151209776,29.579555856104484,171400.01855093858,0.12165201438
25661285,3463621768,193.38,2746.14551819799,31.168607842772293,183417.5822532288,0.12016072398
430206553,25661285,235.948,1861.718303093225,78.47461627258754,255979.97963044632,0.146611244708
3463621768,3463621770,11.999,4351.522684206694,7.6103539511606035,42208.651930396714,0.007455830629000001
26873454,3463621768,12.985,1605.377166008706,11.889582354606732,19119.43989918864,0.008068502435
25663498,25661287,600.05,2049.205682215498,88.5425252365169,396674.16104809666,0.37285366854999996
25661397,25661287,447.886,3474.3377186904704,64.62686144703918,493458.82431073947,0.278303371706
25663483,25663498,416.81,1679.2192500699764,101.90129241769665,331637.0295507323,0.25899364651
25663420,3347984840,49.726,792.8713768442022,4.006558025841228,8642.152166024303,0.030898294346
26866997,25663498,425.633,2339.246210911826,61.61489027771938,316517.11451180006,0.264476002843
1818648902,25663498,386.375,4171.00701076525,143.065829140174,1001811.1966062674,0.240082220125
3221940598,28254758,252.129,1067.2549978459997,18.66621940188457,57104.62641097926,0.156665648859
3221940598,303785121,11.815,0.0,0.85068,0.0,0.007341498365
28254758,28300234,555.743,2417.0381616870395,69.75560274200419,383776.81198349356,0.34532258365300006
28254758,28254757,32.833,1225.6127614453385,2.480144227053408,8600.154524924985,0.020401474043
21441727,28253036,153.065,1053.1475959106842,34.93629617866401,72651.97673766663,0.095110152115
28252682,3221940598,122.22,1067.2549978459997,28.94004025861752,60392.07028346063,0.07594396362
303785121,21441727,124.082,1053.1475959106842,28.321076029405724,58895.25742372946,0.077100956422
28252682,21441727,11.901,0.0,0.8568720000000001,0.0,0.007394936271
28253036,28252023,69.95,1053.1475959106842,5.719482902564898,16250.252778558623,0.04346490145
21441728,26755227,15.965,1402.7859781907594,2.490518353393386,7541.594741064393,0.009920188015
28252641,28252682,153.508,1067.2549978459997,12.633578424572418,36243.29061467984,0.09538541946800001
28252641,28253036,14.08,0.0,1.01376,0.0,0.00874890368
28252023,21441728,13.677,1241.9768374639964,1.243073239973322,3944.541900487456,0.008498491167
26755227,28252024,13.905,1074.6052551676532,1.148355850427214,3310.70730760497,0.008640163755
21441728,1782327774,165.635,1241.9768374639964,15.054210433792619,47770.28571230828,0.102920785585
303647827,21441728,25.073,1402.7859781907594,2.221275358824372,8059.376660263838,0.015579635083
29123432,29123671,401.035,2756.8350307199903,65.19813709512339,384423.116646146,0.24919151898500003
343590422,29123432,457.494,2409.1257398464427,164.9552481203351,674522.663005606,0.284273504274
29123397,21432815,1445.863,2714.884830956653,143.07313500554716,956438.6004939629,0.8984173381730001
29123432,3274025415,23.956,3837.14360230014,2.78022744116964,24839.00205604877,0.014885563676
262471375,262476527,575.404,1998.9715751866188,134.66144682567457,528006.3155736572,0.357539358884
21441699,311181586,1010.622,2298.191917809968,296.56610911069527,1248832.5663138067,0.627971202762
343590422,262471375,15.76,89.88880938786296,1.134742319544984,297.91443221332815,0.00979280696
27484568,262471375,140.748,772.4539525891396,10.201795017181734,22911.793180456123,0.087456725508
28254757,21441699,13.122,1975.981771533303,1.2584702383711381,6202.883608305821,0.008153630262
311181586,27177925,169.262,2896.7738674164875,18.100118824995977,125396.71822439988,0.105174498202
21441699,21441700,32.766,984.2724663925184,2.407374361040382,6826.578253635701,0.020359842186
28255855,21441699,101.984,1306.4826126691833,7.808766844550899,28618.021395820637,0.06336990006399999
21441700,303785121,252.382,1053.1475959106842,20.63609054917992,58631.46957481329,0.156822855722
311181581,21441700,990.765,2644.271054804544,147.2904070048522,850017.6112031168,0.615632638815
311181581,311181586,34.106,354.7335799027373,2.5242264077753043,2567.243517263001,0.021192479326
21441700,28254758,13.579,2575.39592528638,1.9144030598315882,10895.25342666011,0.008437596809000001
28300103,28300992,426.484,1819.9198383389496,132.19571180959852,432567.4422161338,0.265004789564
28302018,28300103,357.918,1864.366419023614,199.28795707279872,510810.7631395244,0.222399865578
3847019602,21441733,698.88,2018.870710648309,100.06765684609522,444794.98600188864,0.43426376448
28300103,28300100,14.174,1876.1971847347197,8.05070430906213,20534.697203977314,0.008807312554
26752863,21441736,54.33,934.9480038554702,3.9680428613720515,10730.966473138596,0.03375908643
21441736,2861733605,142.449,934.9480038554702,12.617435990307426,30514.59124039702,0.08851367757900001
28302018,24986079,13.208,0.0,0.9509759999999999,0.0,0.008207068168
24986079,1493332095,421.095,1692.6570343631413,45.13028879107561,182553.03913464956,0.26165622124500004
1837885779,26752863,82.909,934.9480038554702,7.343673879917712,17760.280838405844,0.051517248239
262476527,2861733605,739.431,1413.5614118937604,57.24163951936819,225436.3510032803,0.45946097990100004
2861733605,21441736,144.443,936.6997294382332,12.812048106660264,31021.958245153735,0.08975269135300001
26752863,1837885781,82.66,936.6997294382332,7.33191567951744,17752.851079972097,0.05136252686
150731280,150731135,77.296,472.5607186955399,6.903182530089318,8404.540417817312,0.048029492816000004
21487101,26784929,18.075,1534.377121455657,1.437229277814744,6045.761070285641,0.011231280825
150731135,21483449,3773.804,472.5607186955399,272.52028961500906,375377.6272217274,2.344932365284
150731135,1543145115,72.888,224.66191733405608,5.2519639167766075,3444.4259710845536,0.045290489448
26755098,1782327774,8.752,0.0,0.630144,0.0,0.005438238992
1782327774,1352194828,162.053,1241.9768374639964,60.64116199739382,125883.60873036481,0.100695034663
26755227,303647835,32.307,1359.6701701994975,4.721280497812428,14065.868200662633,0.020074632897
26755098,26755227,174.284,1031.4894471763916,14.114641471293961,39491.67987110421,0.108295023364
28300064,21441732,17.806,927.959238093727,1.5684422648343601,3775.1394626109222,0.011064132026000002
59885097,21441732,47.767,1287.0804370033752,10.471251431015814,26891.510478783028,0.029681028557000003
21441732,28300055,18.922,663.6274467806534,1.441994620285494,2692.3522328658646,0.011757582062000001
21441732,26750906,324.606,1551.4122283164493,106.93891645992424,291733.0277116572,0.201700754826
28300100,28300055,337.586,1594.88736438606,56.109250448975594,190453.91458589848,0.20976615040600002
26750906,21441733,13.729,1505.5369277648883,4.197595877389098,11417.554109052266,0.008530802459
28300055,28300063,17.137,1186.0375876850037,1.379165528557362,4453.020651779445,0.010648434827
28300055,51354576,52.597,1072.4772234817094,5.2964380461601195,13890.36733735561,0.032682250487
21441733,28300103,13.787,1831.7506040500548,4.359653488362996,14256.062580948052,0.008566841977
21441733,24986079,359.034,1692.6570343631413,149.6373592792349,403731.1122842458,0.223093315614
26750906,3847019605,696.048,1699.862278807752,176.1822614538351,574708.8000740441,0.432504041808
28300100,26750906,13.135,1653.986978256189,3.078102121307292,9982.686500463633,0.008161708085
26785774,26745961,307.317,1462.9139277295076,33.300354456624994,115975.77708788053,0.190957871607
26785774,26785772,14.978,437.9715941563833,1.0827908819232779,1381.2752512723218,0.009306894838
26745961,26745960,17.454,3393.973488181576,2.405734236518592,18142.324395760967,0.010845409434000001
26745961,26904746,512.349,2151.793399206525,39.121347386158874,236549.61301177822,0.31835881047900005
21487142,26662395,1309.089,3371.602077414628,178.18555834140392,1339022.069062458,0.813429941019
21487142,26785753,54.791,1990.7444052644043,4.371904925055012,23811.66813947903,0.034045538460999995
26785781,26785772,258.923,693.5382175137771,19.11798932301219,38073.874736458296,0.160887243433
26785772,26785789,618.36,1917.7041622136555,80.35708487130248,347535.3218532566,0.38423097156
26662395,26784928,918.989,668.7837571214313,111.59161584321767,171454.9072622505,0.571033113919
26708460,26662395,21.013,1555.0555392181525,4.1784335647670705,13277.566126631991,0.013056868823
21487143,21487142,22.453,4497.898737083617,3.484206991042464,33869.80328203943,0.013951643063
26662395,26736197,11.529,3838.2821685978497,2.0715916015589038,16630.61308150337,0.007163786259
251106770,21487143,57.939,4112.456069966189,12.393747353260855,102326.57289884043,0.036001614369
26784928,21487143,1631.806,2033.701144031886,237.09759243323822,1057968.5481627232,1.013956926026
26785753,26704584,40.783,5575.170228256424,10.94357086325226,115056.71374744548,0.025341373493000002
26708460,26785753,1319.673,3584.4258229920183,203.09848072757407,1576294.5436095716,0.820006531683
26750505,21487101,191.189,1736.2140288771766,21.20979922948091,86977.62122725953,0.118799300119
26784929,26784928,12.91,2239.266236842752,1.369604222245296,7355.4694979802625,0.008021899610000001
21487101,26784970,607.173,1383.2808420476572,91.94015399139353,276394.7285949269,0.377279694183
26662404,21487101,12.531,1181.4439346261374,1.0068435827978761,3241.327238533397,0.007786400001
26785792,26784970,358.639,1601.392006943272,44.089413595857444,161639.410836662,0.222847874069
21487105,1224092187,38.819,1109.2360041366592,4.791073113147882,12153.256804881996,0.024121000849000002
26784929,26736197,924.991,896.5028915561778,132.60120277196665,261658.00346890092,0.574762582661
26784970,26784929,606.913,1601.392006943272,60.8001982717586,238574.08417165253,0.377118137723
1224092187,26785797,14.674,2799.6448947878994,1.2149268198785341,9112.623871005888,0.009117998054
1224092187,26785792,128.706,1601.392006943272,46.046365513350956,125556.3956895374,0.079974175926
26785789,21487105,175.437,1352.2132628822058,42.25836974650047,111206.64443922766,0.10901146412700001
26785796,21487105,15.393,1661.2590072276157,41.7993798550635,28771.61889292445,0.009564763803
26708454,21487141,495.599,2485.6744412334497,45.069897623290124,286154.1565691788,0.307950846229
26708459,21487141,17.231,3880.357308726374,3.178865541420348,25646.371844499703,0.010706843701000002
21487141,26745961,15.735,4082.8529596585936,2.021487457915296,18669.671017916386,0.009777272685
21487141,26785772,307.457,2283.178790301229,88.4612237472563,372512.06338186964,0.191044863547
26726700,26784369,220.971,1690.9501186371417,55.09899292885004,179565.74097302274,0.137304971241
325627540,900980708,83.699,0.0,6.0263279999999995,0.0,0.052008131329
28248044,21487154,34.498,0.0,2.483856,0.0,0.021436056757999998
28248044,26726700,13.379,0.0,0.963288,0.0,0.008313322609
21487162,3918673901,366.535,1444.7338976893602,61.03017144661894,187579.1069545067,0.22775421948500002
1580769291,21487162,636.062,304.11346583045287,76.33973355338203,53515.63204769506,0.39523048100200003
26703849,325627540,84.752,1690.9501186371417,21.13286290375614,68871.2802989787,0.052662434992
51965345,21487162,16.125,1429.946928658778,2.623466785998096,8022.079912013045,0.010019607375
26871569,51965345,966.378,2099.612693448507,158.40182224901315,710017.6518857381,0.600479264238
3781110311,51965345,368.319,1199.4762787545433,291.1357424294731,386976.7186087724,0.228862745349
51965343,21487162,97.884,1219.8695677152805,11.749531970174688,33037.833816631246,0.060822278964
51965345,51965343,104.404,1111.152162678561,62.755079060519755,91755.28891027972,0.06487361788399999
2812123973,1580769291,70.407,1812.262762391848,5.491046223712728,27599.510787865474,0.043748867997
1206735742,1580769291,162.558,1406.7436851137638,12.5672635919346,49295.95989154399,0.101008827018
3781110311,3918673901,12.265,0.0,0.88308,0.0,0.007621115315
3918673901,1769589073,150.642,1444.7338976893602,25.082753589866094,77093.02475845635,0.093604570182
26938187,21487144,161.803,1421.326807417763,14.479278443388095,52969.927051752304,0.100539691913
251106770,26662404,1659.135,1612.3070910216477,167.4989763349234,659737.191417297,1.030938374085
21487144,251106770,19.741,5724.763160987836,11.941164426252774,89619.60083084676,0.012266484911
21487148,21487144,54.239,4303.436353570075,13.13478849583899,109841.87721661977,0.033702541669
21487169,21487145,1799.456,3326.70543175106,238.9079577618774,1782540.8832050767,1.118129774176
21487148,802800009,166.734,1018.6468353304508,15.899111566493245,40497.71837230576,0.103603672314
21487145,21487148,16.581,5322.083188900522,7.7938649679005225,62400.161367189685,0.010302952551
21487168,21487145,61.87,3348.480619943646,8.313686624813203,62246.50926996555,0.03844422377
26704584,21487146,87.185,4254.407906469405,51.06535176584903,290208.5243927523,0.054174230635
21487168,3366747771,1810.563,2979.455316299505,201.1502077035348,1414870.5288051832,1.125031341873
21487146,21487168,24.73,6327.935936243151,21.454038823783808,141218.63605207225,0.01536650483
26704067,21487146,955.921,2073.52802977375,92.78418580565969,477485.0619261434,0.5939815876910001
21487154,26726700,36.977,1690.9501186371417,9.22019387851839,30048.297758345918,0.022976435466999998
325627540,21487154,119.622,1690.9501186371417,12.803380253423477,51761.6781992545,0.074329641762
26938187,802800009,13.411,0.0,0.9655919999999999,0.0,0.008333206481
802800009,364309968,21.939,1018.6468353304508,2.0920184764792737,5328.723855782356,0.013632258369
1827996421,21487210,19.55,971.1217553175974,1.431173720168718,4013.869641655596,0.012147803050000001
29221504,29221506,18.668,1705.5654313345767,4.770810669849558,15570.979650304625,0.011599753828
21487210,29221504,18.065,4145.747422509635,9.668513319640033,56327.53612896677,0.011225067115000001
29123672,21487210,627.18,3174.625667192035,145.04787495534174,906091.4722710322,0.38971146378
21487224,196724115,216.574,1019.2440873734982,96.71664778394029,152092.1056697966,0.134572802954
3513423874,21487224,356.644,1927.106101722155,46.75489276242013,202738.74438793302,0.221608238924
29221504,1472911017,312.94,2440.1819911750563,110.61195915646593,461834.77503140015,0.19445184074
21487224,196725581,13.037,2479.381805908224,11.625715853815986,29414.662908978364,0.008100813727
196725581,29273080,457.536,2676.631362651984,64.78208540705647,382787.0914799505,0.284299601856
196724115,196725581,212.116,1078.3629473299634,16.5014169447476,49428.35317928742,0.13180273103600001
29219437,21487224,21.902,1571.5197915595663,2.1493507797621483,8345.190311721417,0.013609267642000001
196725581,29219438,21.515,881.1133905862015,1.604646127499904,4033.264741064538,0.013368797065
248389154,21487236,18.796,588.7234089628022,2.136989267128656,2948.0748077707476,0.011679289316
21487236,248386844,163.593,2919.2285449316723,62.68583377153958,302794.67795936245,0.101651946003
26960762,196724115,292.833,1078.3629473299634,29.673843328545225,78058.82353513947,0.181957934043
21487236,248386475,29.872,996.1786619533032,2.788929706559268,7011.763356883459,0.018561594512
21487171,21487169,56.352,3515.257349233022,5.80600865793345,49474.08507253108,0.035015498592
271759786,21487169,276.8,2509.847730824242,66.99450187954366,326800.15955904644,0.1719954928
3366747771,3087286154,54.963,5453.7054837481055,13.838448694909248,145050.29875269797,0.034152414273000004
21487169,3366747771,59.19,2474.2501674485948,5.362285108234914,33949.95880067379,0.03677894949
271759786,271759785,13.405,0.0,0.96516,0.0,0.008329478255
271759785,27011994,499.489,2985.0301847227515,89.72917551968858,560238.7876656933,0.310367979419
21487171,271759785,282.408,2985.0301847227515,116.40905855638383,556689.7697597623,0.17548014136800003
21487173,21487171,109.919,6500.2875339557695,27.1471557068599,341027.44332549174,0.068300478949
25662552,21487180,31.448,0.0,2.264256,0.0,0.019540875208000002
1447899974,21487180,400.753,1469.612848726801,52.97576969979496,174806.1710533963,0.249016292363
26870674,21487173,1751.824,3675.855119050636,284.81519139116324,2239136.9445189913,1.088532630704
3793828082,21487173,66.483,2824.4324149051376,6.8859290662262636,47052.85385337332,0.041310608193000004
1348697004,1447899974,9.338,839.1382709367948,0.709091024579874,1677.8713263293614,0.005802362397999999
3463621770,1447899974,180.814,2161.236137173618,44.334852111448505,185552.19352677432,0.112352575994
25662562,21487180,342.024,1462.498526851289,27.079318199754198,108850.25908767896,0.212523794904
25662552,25661397,338.649,1469.612848726801,26.859723719696465,108378.78691380203,0.21042666777900002
2264199819,29207420,297.284,3871.096977832856,126.08630986458512,771741.0144247422,0.184723656364
25661397,2264199819,204.347,4122.154585413851,107.2315857725661,627861.295876693,0.126975299737
2010745299,25664680,193.042,1444.7338976893602,32.14259581321896,98791.78240744233,0.119950700582
25661397,25662562,32.643,451.8497621401465,2.350971110787996,3102.0598878642013,0.020283413553
101480420,21487243,27.899,1300.9318456631945,2.6430876492087423,8622.268619462886,0.017335629529000002
26763018,21487243,336.199,1696.0069531401043,36.125566390782026,146285.16789477254,0.20890430882900002
21487243,26867468,620.839,1345.2709651483187,60.842016143538785,202333.22819498242,0.38577135026900006
21487243,26867485,25.514,1651.6678336549803,1.942450567309338,9032.02052451218,0.015853659694
21487244,26867468,16.317,1343.0960915244834,2.326619204257926,6886.813935080664,0.010138910607
26867485,101480266,5.582,3220.510741302318,0.5239314508464661,4248.396396249383,0.003468492922
26867468,26867489,23.477,1132.3800812500722,1.996780306626774,5970.6579558516505,0.014587926967
26867468,28977170,227.981,1555.9869754227298,45.40335570343106,144309.95011225296,0.141660781951
27784976,21487244,130.489,857.3256467251646,18.20734366104883,34580.76267793384,0.081082080419
26762981,21487245,14.532,1019.7306134388608,1.387162266063948,3535.5112397002717,0.009029763372
21487244,26867485,632.404,1568.842907647337,75.94482153833022,274598.80096235627,0.392957505884
26867490,21487244,21.295,2054.613352446656,4.545738245223078,18760.481332152885,0.013232095445000001
248386475,1502779887,391.161,2079.4256386111224,59.50155043777568,268617.45770471374,0.243056101731
248386475,248389154,21.873,2048.880522266396,9.9363041216181,31149.558860728903,0.013591247883
577322007,21487236,20.627,1691.4111463342165,2.208537157660572,8930.02196224443,0.012817019617
1546103534,21487236,47.61,1649.8841606629348,11.080689022647114,35913.21350828782,0.02958347331
248389154,1546103604,56.03,2040.9818229096368,8.200155006194375,36659.41919587991,0.03481541713
1502779893,248389154,408.447,2349.802172354008,82.76654604122267,395639.9086341573,0.253797120837
248386474,248386475,164.983,3132.127498924215,79.91473353243748,370847.1855653408,0.102515651693
248389154,577322007,26.217,1783.588971822942,3.0244753520252456,12583.170933641011,0.016290483507
248386474,248386844,26.528,575.0559619466895,1.922446440682674,3214.6363083720735,0.016483729888
25664680,21487242,174.39,1444.7338976893602,48.39488542965826,130471.60884130125,0.10836088868999999
248386844,248386845,13.739,2082.7786766304985,2.097027969696564,9474.881983051431,0.008537016169000001
248386844,1121856187,183.117,1411.505830247863,16.299014431872084,59368.7748536606,0.11378359340699999
1263312256,21487242,296.828,3730.453236118752,49.89230529321998,395125.31966172386,0.184440311188
25664680,2010745299,191.723,1199.4762787545433,22.41295240568737,62456.100185689385,0.119131112233
21487242,25662562,205.531,4226.768462634567,117.6649457932609,673106.182521611,0.127711003001
2264199819,21487242,34.218,775.9593252019121,6.7693293331390505,10746.572584158232,0.021262072878000002
268095463,26746007,480.707,1639.161506231156,29.35055348718393,159505.02533121797,0.298697389297
26734542,26734559,315.914,2624.8640681590177,43.07793306512019,251910.8097710674,0.196299798094
501547016,21487253,114.594,1458.2533927705636,19.49165216376611,60182.93262564418,0.07120538837399999
26746007,267286252,49.795,2620.547868758264,8.489242754673773,47079.39866803376,0.030941168945
26736232,21487257,265.504,337.8188848839372,15.93074631075012,18110.595531712428,0.16497648598400003
263130724,21487257,398.271,6400.486120357547,32.42116450078433,561227.7576371434,0.24747404954100002
26662407,26734542,42.268,2147.9970379155648,3.48308246674773,20096.530971262084,0.026264109428
21487257,444505902,381.985,6738.305005241478,22.59438643491707,518756.9325628331,0.237354401435
21487260,26739109,15.305,1285.8401065346725,2.009546058213666,5811.864089419316,0.009510083155
21487260,26747683,1751.343,1569.3357970958782,171.6139769588515,665794.2549868578,1.088233751253
444505902,26708530,473.777,6391.2942976997365,38.46884842572125,665930.0004667662,0.294391288267
444505902,26682443,413.084,1218.9147093066415,24.9185586798347,101744.80030145435,0.256678418164
26739109,26629160,15.263,663.6432448548294,1.1029498879550639,2132.552225036371,0.009483985573
26739109,26739125,58.083,1927.340548428727,21.56756804363444,69703.8725555776,0.036091091793
26739108,21487260,57.139,858.2683727644344,4.786569004217634,10936.093159570302,0.035504517569
26739110,21487260,14.13,1996.9075308661168,1.321981540264092,6656.262639613259,0.00877997223
26762981,28977169,287.152,1755.4115375737424,79.82215222605035,261334.96326409577,0.178427925392
26762972,26762981,83.437,1373.3939825410598,12.446870663308253,37278.43476555109,0.051845332127
21487245,26731251,87.158,1982.584881163557,35.48601296417511,113343.71757741767,0.054157453618
28977170,21487245,286.484,1564.1873800482529,57.82848867774033,184181.003724213,0.178012849564
21487246,26731247,125.337,1982.584881163557,17.321778699834333,76256.59605189896,0.077880777027
26788842,21487246,159.901,1982.584881163557,14.862256208283059,74514.03996948653,0.09935784427100001
26731251,26788845,12.004,1982.584881163557,1.658972462344008,7303.383510112682,0.0074589374839999995
26762972,26731251,17.23,0.0,1.2405599999999999,0.0,0.010706222330000001
26731247,26731246,40.691,2820.220521564805,13.95966817143555,68162.35367036068,0.025284207361000004
26731248,26731247,32.527,2620.2487619575004,4.4206866951654895,25827.01905230149,0.020211334517
26731248,21487246,129.02,1373.3939825410598,19.246800016539797,57644.25438895701,0.08016928642000001
26731247,254336396,11.317,1782.6131215562534,1.304491507493568,5425.678737870716,0.007032055607
21487253,26746007,135.179,981.38636252711,8.404504742522999,26933.034793539326,0.083996310409
21487253,26734542,565.869,476.8670302434538,41.37733114364118,57028.49916843373,0.351614586399
26788842,26788846,139.296,1373.3939825410598,12.152853640000579,43499.69854240003,0.086554494816
26788845,26788842,132.189,1982.584881163557,18.26873632329161,80425.43842204992,0.082138411119
26848941,27374459,508.128,60.30783977411806,36.5852448011475,6444.2745736846155,0.315736003488
26849072,26848941,45.637,1562.548573238235,4.451580032496306,17227.99029739579,0.028357508327
267365408,21487265,12.932,1007.2569067450574,1.219861533333402,3086.9238002098277,0.008035569772
26848941,26848935,13.757,1562.548573238235,4.6157615370368035,12594.79442127402,0.008548200847
21487267,5140365111,492.996,1877.558838011092,84.13042434008779,334211.61246965104,0.306333417516
26867474,21487267,14.691,1810.8906209441332,2.311900519881504,9019.629712408507,0.009128561361000001
26849055,26849072,270.338,1562.548573238235,21.64921721995927,92354.98303856472,0.16798019339800002
21487267,26867476,15.312,1240.1399901955365,1.8881000085141062,5356.019123604646,0.009514432752
26867476,415917290,603.972,1296.858743769044,80.54501970569257,234010.4250837455,0.375290685612
26867704,26867476,488.013,2469.273968890012,44.13848509370974,279106.4505001189,0.303237125823
27786929,21487267,296.988,1306.8082072624943,25.094451625702543,86895.28529346528,0.184539730548
26867476,26867475,14.77,2412.5552153165067,1.311695165031906,8175.257694763434,0.00917764967
5140365111,26867722,54.412,3099.804695343027,43.79817826779059,148629.00115384217,0.033810038852
27785840,21487269,20.644,2464.0131766648165,3.10653033394335,16659.15058031525,0.012827582923999999
26867704,5140365111,13.691,1023.045747286698,1.1048060356496159,3072.183607605043,0.008507190361
5140365111,5140365110,10.153,0.0,0.731016,0.0,0.0063087797630000005
26747683,26747668,33.187,1030.2668879554706,2.4945823600012442,7294.488538529624,0.020621439377
26747683,254126110,32.513,403.7433176366058,2.3596766670424203,2767.4910954592915,0.020202635323
26747684,26739109,1749.935,1305.1436867488849,236.13957162608665,688400.4869020589,1.087358860885
26747683,2520200415,19.4,135.32559150380226,1.399058125421838,552.368178724722,0.012054597399999999
26849055,21487264,49.627,2316.199887973318,9.693317619755636,46071.337901373394,0.030836778617000002
26849059,21487264,17.518,383.4408450602978,1.2629186303300401,1413.1390502039696,0.010885177178000001
21487264,26849060,14.942,0.0,1.075824,0.0,0.009284525482
21487264,26852226,358.176,2699.640733033616,51.58197736974982,306174.1969841245,0.222560179296
26852180,26849060,361.704,2234.3086495157427,38.263852989108194,205249.03382275774,0.224752376184
26852226,26944215,693.327,995.4708930797872,64.6888125923334,162568.42887579877,0.430813291317
26849060,26849059,13.093,2140.560102946217,2.120547254919534,9716.408975476115,0.008135610503
26849060,26849062,43.89,93.74854656952586,3.1600945266451923,865.2822174814414,0.02727197319
21487265,26849072,43.307,1008.559751697239,4.09011514111899,10358.07837760458,0.026909713897
394582779,21487265,1272.33,61.61068472629999,91.60783855348991,16484.77217319448,0.7905889644299999
26852226,5209425723,209.409,142.33844329888166,15.079312621988628,6268.467569825393,0.130120679739
21487265,26848941,13.202,60.30783977411806,0.9505447483011121,167.43283763497396,0.008203339942
28255854,28255087,14.104,1854.760626557979,2.340508217063322,9242.198734365023,0.008763816584
28255087,443662223,34.809,1151.517733136334,2.602218501859464,8534.928634303555,0.021629303138999998
28255087,842553922,56.687,1280.8681446596402,4.288329373518786,15526.04973267908,0.035223657877
28300192,28300202,17.859,1978.5095175570316,1.714962717218298,8459.11547653275,0.011097064689000001
443662223,28255091,88.82,2298.118544005539,7.624202291493377,46044.877630139854,0.05519017222
168419570,29187941,13.881,0.0,0.999432,0.0,0.008625250851
168419570,28255087,156.658,377.691047129577,11.28437476863804,12444.473245080202,0.097342738118
28255854,29187941,152.846,341.5569226424336,11.26912559594952,11063.40810663793,0.094974071866
276505294,28255899,355.411,3385.127500080745,48.74432298968634,367084.2612615241,0.220842088481
276505294,276505293,15.62,0.0,1.12464,0.0,0.00970581502
29187941,1298513761,84.577,341.5569226424336,6.235746015784661,6121.912692743777,0.052553695067
28255899,100157292,229.409,3385.127500080745,31.463253508588515,236943.8010971663,0.14254809973899998
100157291,100157292,39.79,1846.299939860355,4.846062742609422,20537.845436290794,0.02472435209
28300063,28300064,18.537,1736.7586980992676,4.993171852956546,16334.283655759928,0.011518354227
301288388,100157292,11.133,182.10231420469003,0.8016284584729081,426.3473746845228,0.006917723343
100157292,100157398,43.415,3567.229814285435,14.149592014766268,89113.82883025527,0.026976821965
28253205,29058748,175.969,1222.213621481629,62.54367149348155,130504.84051000679,0.109342033499
28255855,28253205,14.839,0.0,1.068408,0.0,0.009220524269
517508435,2278484183,55.962,701.0305611527946,8.72028768978769,13199.538666054277,0.034773163902000005
28252023,303647832,30.666,1553.0043729460451,6.0774484899223316,19301.782849590232,0.019054963086
29058748,293245005,107.168,377.691047129577,7.993083776107927,8611.708730074724,0.06659108732800001
29058749,28255855,174.762,1306.4826126691833,77.25396572207201,156489.3826409913,0.108592038702
28254757,28253205,100.7,1222.213621481629,9.034202147606106,28385.544378526134,0.0625720597
29058749,29058748,13.319,0.0,0.9589679999999999,0.0,0.008276040349000001
28300234,28300064,370.944,696.7519681004464,28.604358532720514,55660.97514921473,0.23049384422400002
28300202,28300234,44.273,1286.7950306470775,3.7077933332146378,12702.869224959277,0.027509958283000003
28300202,28254757,533.324,1972.582631569594,102.49971931332212,416458.34816649096,0.331392067204
28300234,28300220,18.366,3007.0812242336724,3.677178493121778,22558.778053211805,0.011412099786
28300192,28255081,889.085,1346.5350149776227,127.4186808911481,377671.34946513874,0.552451635535
842553922,443662223,61.123,1146.600810869204,6.692569121538858,18203.998497220164,0.037980059632999996
842553922,28255081,2.865,1280.8681446596402,0.37356189394572,1078.1547433260396,0.0017802279150000001
28255081,28300202,866.576,1280.8681446596402,72.38808382188851,247202.35975638023,0.538465195696
1187014744,28300978,301.115,1606.5484074048268,65.19280295353157,209637.5329193891,0.187104128665
28300996,1187014741,297.997,1552.6673326673504,59.02500294349671,187445.23004067794,0.18516669388700002
28300978,28300986,32.569,1372.5872952829932,42.46773880643047,44837.169787456325,0.020237432099000002
28300996,28300978,11.597,2317.4855525075627,1.359522652198488,7313.417270059499,0.007206039487
1187014741,277865232,71.251,1552.6673326673504,14.112861823196484,44818.10248300601,0.044273305121
28321448,33484094,76.698,2541.769404094742,19.239605532524337,94088.03881458157,0.047657912957999995
29025740,2878654336,785.074,2397.8142525800827,69.40134361824342,430875.53777671314,0.487822216454
1187014744,1187014741,9.277,0.0,0.6679440000000001,0.0,0.005764458767
313521560,33484094,12.191,1508.1770631891702,2.245969903519512,7044.882380514873,0.007575133861000001
29492980,35244866,684.765,1377.359282476084,102.76408596108001,308243.4164444149,0.425493112815
313521560,28321448,80.382,1804.2813144053391,24.26667247351098,79453.2733451831,0.049947043722000005
33484094,33484095,12.088,3171.82145925177,27.410035106708825,42224.676537049585,0.007511132647999999
29858049,28373593,16.804,1470.2084096579852,1.096942051809354,5062.809134161576,0.010441518284
29858093,28373593,1537.889,3383.945664078968,175.65029289438954,1390819.3653527026,0.9555996258189999
28373593,29858030,23.755,3068.5576913653213,2.2961025872892358,17517.017191929823,0.014760668105
28373593,30692650,1573.931,1785.5963823716295,181.88139730702932,757163.7423861426,0.9779950794010001
28300252,51354576,218.599,1003.1578418518444,20.541235433750035,51856.54749243387,0.135831079229
28300064,59885097,39.455,1505.5514281059884,7.238110057022802,22685.871918393008,0.024516192805
28300063,28300220,345.394,452.4367314375805,24.930381720694957,32888.13806270785,0.214617815174
51354576,28300063,38.979,1003.1578418518444,3.66276522752685,9246.686236934202,0.024220420209
59893230,59885097,263.17,1359.6701701994975,64.09856422288763,169088.55662744204,0.16352620607
28300986,28300100,421.713,1372.677157907529,62.841930549340795,188160.42009412491,0.262040228523
28300220,28300192,44.533,452.4346378364555,3.2143715236831203,4240.376653272358,0.027671514743
28300220,28300252,201.708,3007.083317834797,40.38536656221888,247756.471935299,0.125335501668
28300986,28300992,11.458,2630.777878730635,1.685591652811338,9701.512009751243,0.007119668918000001
28300261,28300192,223.275,2872.6098946982,23.618997124843986,162889.23182614127,0.138736610025
28300992,28300996,32.635,1552.6673326673504,6.464095179015276,20527.975390280855,0.020278442585
28300992,29025740,1253.748,2898.030384402233,228.94086916597945,1382660.7005873455,0.7790426485080001
5799377313,28300261,1988.356,1578.9178485148088,159.91564736188909,687630.1593186468,1.235506756076
28300978,28300261,492.757,2551.4466646293954,68.22331416113653,386349.6418289647,0.30618490984700003
28300261,28300252,33.721,1194.1369313673315,3.915297614312622,10884.387108898096,0.020953251490999997
28300252,28300986,474.191,2630.867741355171,214.47595460413132,865194.8932378826,0.294648535861
28373968,261022410,1859.632,2994.7114793557475,368.4301215110922,2256553.323311443,1.155521395472
768474203,28373968,457.133,2640.9790427555145,43.94702124947407,289213.85509476275,0.284049189343
29794181,29858029,2772.898,2823.948918594834,287.14098794772565,1961904.5835914032,1.7229984031580001
59380577,28373968,12.562,1224.7914052286144,0.942790039079502,3280.642363673021,0.007805662501999999
28373970,28373972,41.295,1931.84015013974,15.449626882042889,49890.19541345482,0.025659515445000003
258045538,28373970,122.817,776.7230719644597,24.35775690021858,38684.13256514103,0.076314922107
31357344,59380577,1132.17,2633.282284645916,314.7776452454258,1545862.0555620661,0.70349760507
59380577,3464927699,458.075,2892.8431939709512,48.8978025614588,338512.39257827855,0.284634520825
29219437,3513423874,356.837,1439.8334038350156,58.96017035261285,180911.66394305808,0.221728163527
29219441,29219439,31.299,3156.1766859075574,6.46430576039874,41314.99047577584,0.019448290929
3513423874,28373972,143.979,1439.8334038350156,11.205435455130571,44804.333279316204,0.08946437520900001
28373972,29219441,133.189,1444.5674522526008,10.37594061371962,41598.967879374744,0.082759782119
28382465,33484152,104.697,966.2959681659702,9.518258444385042,23496.278134170236,0.06505567958700001
203603949,28382465,102.099,1375.2642153934742,15.273818135801003,45777.7467377664,0.063441357729
29219441,2933662031,303.71,4236.722392467931,70.41696808858838,586654.6832137875,0.18871658641
28382465,208775625,22.206,1375.2642153934742,3.321975783539472,9956.421160430958,0.013798164425999999
30692658,29858030,1571.651,1315.3513645929215,133.3176780723814,463701.68434143346,0.9765783535210001
30692650,1797707408,23.715,723.9420585906183,3.9682946384304123,6104.9327342189135,0.014735813265
29858030,29858029,16.212,1334.3666427092714,1.236946533196398,4640.276011409153,0.010073666652
29858030,29794182,2773.947,3049.542413248973,265.6260172788004,2021894.9626077039,1.7236502213370002
29794182,28373611,24.671,2780.0439107959264,2.5074546639578097,16985.216718882995,0.015329843941
29794828,28373611,371.967,2710.0512277298144,44.98636407528588,280408.5379917059,0.231129506757
30692650,560966940,441.829,1390.3900553443316,67.63019179475026,203855.51954762643,0.274539727559
30692658,30692650,23.064,328.73573156331975,1.66645090584309,1596.2036280408404,0.014331300744
91357766,28373619,6.26,714.724043851317,0.45293469809019005,942.3466973901986,0.00388978246
28373623,91357766,20.03,1418.9025326151216,3.20331595695669,9756.850882282024,0.012446061130000002
28373619,28373623,19.095,21.064474205166384,1.374840081550896,84.58577325961923,0.011865079245
28373619,1679204655,542.03,2315.019715799932,376.7398854138418,1050614.9100390917,0.33680172313
1822552903,1679204655,141.468,2211.9931134703306,14.77746386718807,78834.78020281582,0.08790411262799999
29794181,29794182,14.637,1560.4368522274688,1.1881026028092299,5022.3459434873175,0.009095007327
28373623,29794181,1141.345,814.1550550603746,93.05491495055281,204721.5034472459,0.7091986839950001
1679204655,28373623,551.23,2211.9931134703306,96.23555135084251,448114.14799754106,0.34251833633
28382559,28382536,340.144,1231.4119629791558,41.456502256867594,117157.49639681893,0.211355617424
28382559,28382558,22.582,0.0,1.625904,0.0,0.014031799922
28382520,35502136,598.81,0.0283552076199891,43.11432,3.5706633506200633,0.37208316850999995
253029510,35502136,467.621,46.31985114812284,33.668758694877226,4554.999983763917,0.290566128391
4453131211,28382654,35.532,1441.0602922222809,5.882256973647996,18056.5891979767,0.022078554371999997
4453131214,4453131211,19.236,0.0,1.384992,0.0,0.011952692556
28382558,4453131211,205.447,1441.0602922222809,34.0113713966301,104403.69472466275,0.127658807837
4453131214,28382559,199.708,1231.4119629791558,24.340265160386522,68786.42366296602,0.124092759668
28382655,4453131214,36.367,1231.4119629791558,4.432383395195869,12526.06740516697,0.022597399157
28382656,28382655,137.266,1231.4119629791558,16.72987981205368,47279.213804758416,0.085293111686
28382655,28382654,20.188,0.0,1.453536,0.0,0.012544237748
28382654,28382656,141.568,1441.0602922222809,23.436320928892272,71941.77697791185,0.087966249728
646731071,28472268,12.04,0.0,0.8668800000000001,0.0,0.007481306839999999
28472268,28472271,163.448,1392.25038756672,41.81638692601679,111373.19837219694,0.101561847208
203603942,28382656,102.584,1231.4119629791558,7.705848936626562,26943.7097459931,0.06374272266400001
203603942,203603949,128.577,1441.0602922222809,11.633473061296103,42923.89674847067,0.079894019067
28382470,28382469,19.7,1231.3836077715353,2.4009311073090958,6785.030086626785,0.0122410087
28382469,313525286,52.839,1441.0602922222809,8.747398858228824,26851.62998513707,0.032832622269
203603949,33484152,13.394,65.79607682880827,0.96437344523844,185.32674180069978,0.008322643174
33484152,203603942,126.123,1231.4119629791558,15.371779111620109,43441.174673244255,0.078369174633
28382536,28382470,74.662,1231.4119629791558,9.099750022056096,25716.205477619173,0.046392801602
313525286,28382536,31.965,0.0,2.30148,0.0,0.019862124015
331572258,28382469,34.561,46.31985114812284,2.4883954511316837,336.6515927190283,0.021475203131
28382470,331572259,34.567,0.0283552076199891,2.488824,0.20612067273573215,0.021478931357000002
331572258,331572259,18.926,0.0,1.362672,0.0,0.011760067546
28382518,28382519,19.738,0.0,1.4211360000000002,0.0,0.012264620798
313525286,28382558,370.467,1441.0602922222809,61.330127610504746,188263.26777008997,0.230197450257
331572259,28382519,401.06,0.0283552076199891,28.87632,2.391493534509582,0.24920705326
35502136,28382518,594.059,46.31985114812284,42.772307320501156,5786.6065368210775,0.369131034889
28382519,28382520,33.948,0.0283552076199891,2.4442559999999998,0.20242961778669366,0.021094302708
28382518,331572258,403.153,46.31985114812284,29.027056257344807,3927.0304551215045,0.250507582763
28382520,28382518,15.85,0.0,1.1412,0.0,0.00984873035
292149898,28794059,52.981,2476.0880479599737,19.623953087599368,81564.92520847834,0.032920856951
29421417,28794059,814.631,472.354778827788,59.533144570728076,81306.71915125221,0.5061880791009999
29123397,1599952656,16.864,2961.7279772938145,3.2489294440627443,19808.72831368004,0.010478800544000001
344070622,28794059,1340.107,1836.5664757232807,120.39496281700572,568046.7614631406,0.832703626697
1821788428,344070622,151.225,2409.808349332285,31.475032993138818,153306.0727226594,0.093966829475
28795932,28796537,24.975,1485.863369673095,44.05023163243247,39399.31222003775,0.015518740725
344070622,29421726,270.987,1092.604740813898,27.888428087138077,73894.93933416685,0.168383463177
588159345,344070622,18.248,0.0,1.313856,0.0,0.011338778008
28796537,301288388,294.273,1856.2568452494968,22.921106483429813,118096.2055143168,0.18285270828300001
101373692,28796537,3096.54,1202.5465847228395,250.69851074437076,817905.4611110941,1.92410015634
28795932,292910412,388.288,2334.221190553356,119.46298050582595,502692.6983161124,0.241270902848
100157398,28795932,229.281,3820.084560226452,40.73350744878759,326285.91546121717,0.14246856425100002
292910412,292910444,49.789,252.38264377758728,3.610465838159754,2648.497832933766,0.030937440719000002
101373692,1591359081,90.622,1745.995565596268,10.133458935656694,41681.103463072504,0.056309882762
292910444,28796537,409.19,913.84245644983,29.909160416601807,79016.93609306292,0.25425879949
292910412,2169462573,2259.334,2081.838546775769,229.21963573485738,1163544.0047697981,1.403884626914
28932266,28472271,16.503,0.0,1.1882160000000002,0.0,0.010254485613
28472271,194539412,67.936,1392.25038756672,17.380684145452232,46291.47866363352,0.04221346025600001
646731071,610214137,118.791,1313.637836528815,16.226438706033203,47467.64724851309,0.073813282461
28932266,646731071,160.177,1313.637836528815,36.46603800815833,94653.75989874832,0.099529342667
194539415,194539412,17.132,0.0,1.2335040000000002,0.0,0.010645327972000001
81398245,28472284,11.398,1392.25038756672,1.6735958325042721,5099.900522990637,0.0070823866579999995
194539415,28932266,66.937,1313.637836528815,15.238936839571807,39555.23406195965,0.041592710627
194539412,1142101038,90.517,1392.25038756672,23.1577865460713,61678.13492398903,0.056244638807
28472305,610214123,58.913,786.7147417981073,4.731274556469522,10145.289038265491,0.036606829723
610214122,28472303,61.182,761.2694106031969,4.850846247031158,10141.194840265616,0.038016720522
28472303,28472298,294.109,761.2694106031969,23.318582898043328,48749.9047640757,0.182750803439
28472303,28472305,13.584,0.0,0.978048,0.0,0.008440703664
1599952656,29266244,659.704,2859.2054264696594,116.633096634138,700025.0411603225,0.409920934184
1599952656,1599952651,23.795,2779.391573719937,12.985562069108827,50178.34843692144,0.014785522945
610214123,28472307,49.387,786.7147417981073,3.9662461005272225,8504.835770251359,0.030687649577
610214122,610214123,13.372,0.0,0.962784,0.0,0.008308973012
29035850,2268093755,627.64,1618.7773339307826,138.68019287159623,447031.26996688964,0.38999729444
1929590509,29035850,40.154,1618.7773339307826,8.87222685706149,28599.346144685605,0.024950531134000004
29030458,29030447,67.812,1542.194309422261,13.20334957245855,41814.46749957422,0.042136410251999996
29831565,29035850,16.167,0.0,1.1640240000000002,0.0,0.010045704957
4548431296,514876560,51.911,1645.7884825407443,5.3695051616490295,21390.1956712301,0.032255989981
4548431294,4548431296,47.06,2543.3824216284165,46.1057577836891,111920.2273488572,0.029241719260000004
29831565,1929590514,38.916,1174.0425538778493,4.40582567722398,12137.227979072948,0.024181273835999998
2268093755,29831565,628.682,1174.0425538778493,71.17543679742334,196075.05294325078,0.390644763022
29047881,29047878,13.813,1191.5293958422958,1.215558145299714,3758.5585812696067,0.008582997623
1834305390,29047878,55.697,810.4974606052533,4.11317043206877,9571.814961793905,0.034608500587000005
29047878,29047891,13.591,810.4974606052533,1.1057747144841479,2424.649285610562,0.008445053261
29047878,746509087,42.243,1191.5293958422958,3.7174272592410063,11494.44654662799,0.026248575153
746509086,29047891,45.091,1250.2868789704887,4.12124831039067,13130.804500349124,0.028018239761
746509086,746509087,12.608,0.0,0.907776,0.0,0.007834245568000001
29047891,29047890,15.128,961.8792008934744,1.192015827288858,3160.3707374711744,0.009400100488
29047891,746506875,470.652,1098.9051386822682,48.775320291139835,129646.42628615336,0.292449503892
35125486,28933019,567.318,1285.7664622831016,74.48113055197237,215402.35990259043,0.352514952978
1168211979,28933019,423.606,1581.802053296998,41.86313465348848,163138.87103098576,0.263216483826
1591359111,101373692,83.962,1202.5465847228395,9.854141658153685,27497.198991824516,0.052171551902000006
28933019,4690478072,423.883,1285.7664622831016,55.65006761950387,160942.18502249147,0.263388603593
35115774,35115766,61.439,1168.972384991774,6.912280545814344,18997.901466097694,0.038176412869000004
35115769,35115774,62.153,1070.1836309959197,6.243503208801834,16354.646817565223,0.038620071763
1168211979,4690478072,21.917,0.0,1.578024,0.0,0.013618588207000001
4690478072,4359741649,1483.756,1285.7664622831016,124.20653719808935,425293.38594555605,0.9219629494760001
290170233,3454709317,10.763,0.0,0.774936,0.0,0.006687816073
3454709317,1970887600,1411.125,1581.3291793238648,293.0095073014078,937053.5215707936,0.876832152375
29325968,29018804,555.941,1592.1943549627554,55.337026079354736,216439.7147522245,0.345445615111
290170233,29325968,64.804,1447.3706309298473,10.835068092176149,33332.09915260797,0.040267326284
1668619684,29025741,64.949,1856.8873313443955,21.42657798717465,69925.4090516279,0.040357425078999996
5070967075,1668619684,54.21,1856.8873313443955,17.883797944306117,58363.58411505564,0.03368452191
2878654336,1518839541,12.282,1835.660407380852,1.102980519996714,5202.482430180335,0.007631678622
29025741,1668619684,65.436,1909.3848592434708,23.57814886398105,76434.84703883386,0.040660032756000004
293245005,168419570,85.561,377.691047129577,6.381534049040478,6875.433064477486,0.053165124131000004
29122659,31058252,13.685,1566.5040242470975,2.7729493339280817,8836.75190658513,0.008503462135
1298513761,29058749,107.864,341.5569226424336,7.9526645334617765,7807.488923585792,0.06702356154400001
1298513761,293245005,12.765,0.0,0.91908,0.0,0.007931800815
31058252,31058253,20.543,219.53851319344292,1.480131173991732,948.6297531929807,0.012764824453
31058252,2425800671,27.515,2239.705767431862,4.9477891122364985,23173.698846430536,0.017097023065
29122660,29122659,19.771,933.7704989684096,1.443890671118196,3900.051393763712,0.012285126041
35107210,29122659,372.131,632.7335252786876,27.049008435843366,49665.26207003259,0.231231411601
31058253,29122660,13.081,430.17049907826623,0.9515485043675219,1187.20446246154,0.008128154051
35107209,29122662,11.636,1013.3514088642788,0.8903677637344201,2531.9861016792615,0.007230272956
29122660,35107209,360.847,429.49974789614834,26.033599818051204,32612.846497041435,0.224219861237
4027015840,29122660,393.821,933.0997477862918,28.75987218651259,77628.77544605496,0.244708948591
29122661,35107210,12.276,2630.7700963442912,3.4034629591705077,16713.37448005962,0.007627950396
29122662,29122661,13.112,671.6855538308597,0.95550001054386,1859.2118667374407,0.008147416552
35107209,35107205,47.727,958.7447180801051,4.31109145010409,10591.063099755398,0.029656173717
35107210,35107209,11.785,1542.5963790482358,1.1344636077009,4358.37637892512,0.007322857235
29047890,29047881,13.8,729.2987269460505,1.078285200383742,2178.5591114784856,0.0085749198
30436160,1834305390,520.058,810.4974606052533,42.312338052034306,92778.91679611948,0.323148959518
746509087,29047885,128.991,1191.5293958422958,9.695053351928891,32788.9406850858,0.080151266661
29047881,1834305390,60.29,436.1074110642204,4.388187038689188,5548.345331659246,0.03746245759
6874997890,6874997891,12.473,0.0,0.898056,0.0,0.007750360483000001
6874997891,30435812,60.823,60.39979851452264,4.379273559672348,772.5576577849627,0.037793648333
29047885,6874997891,406.826,60.39979851452264,29.29158945114944,5167.396242967713,0.25278987844600004
29047885,29047888,13.925,1131.1295973277734,3.8978987675353802,8204.863594648206,0.008652591175
6874997890,29047888,398.851,4.07002761211175,28.717272002374138,341.3776393382492,0.247834444721
29047887,746509086,99.435,1250.2868789704887,9.08820664309278,28956.145250542577,0.061786025385000005
29047888,29047887,37.249,4.07002761211175,2.681928000221718,31.881518882265368,0.023145448379
29047888,1450910605,38.496,1131.1295973277734,10.775835616161006,22682.54426855134,0.023920298016000003
746506875,29047890,471.849,729.2987269460505,34.545089025097454,72755.14783213737,0.293193284979
5747321712,746506875,471.246,695.4775313019485,36.321301860885306,70569.17217171934,0.292818598266
1450910605,29047887,66.091,1246.2168513583767,6.024003586405866,19155.23551910621,0.041067030761
29047890,746509089,22.135,961.8792008934744,1.74413473936005,4624.19396310976,0.013754047085000002
29123047,29150075,1409.662,1945.8890913264836,261.9369224925117,1058005.6181824552,0.875923086602
29123149,29123047,112.755,2734.724100946645,18.745516776805932,109096.6767415538,0.070062687105
29654551,29122670,16.94,2465.718023530762,14.802616053711654,37776.87344000587,0.01052602474
1518864800,29122670,357.522,1168.9865718838737,28.602350661389078,91337.68917174534,0.222153802662
29150075,5024937411,21.222,1683.2161412701569,1.795105937578464,8001.833431850604,0.013186735362000001
1518839541,29150075,23.505,2528.843593741152,9.323279413036246,38429.4585521949,0.014605325355
29123047,3925729670,25.644,1620.7035417679858,5.6843833225312075,18330.172257890026,0.015934437924
343216049,29123047,24.045,2575.724457474012,10.132629546337903,41389.6829675222,0.014940865695000001
3925729670,3740694097,73.032,2254.325298338287,46.17364211093593,132921.71305045308,0.045379966872
1518839541,3925729670,1403.631,2073.7449956156447,307.12588889390435,1271415.3630764578,0.8721755981010001
29123149,29123397,709.356,3018.2946108693104,143.3890960207643,880940.26430249,0.440773247076
3925729670,343216049,12.055,1440.1232390453445,1.27957821273324,4418.695292320132,0.007490627405
29221602,29221603,31.348,3127.324739863895,6.95887013712681,43284.20130789687,0.019478738108
29221602,29269805,710.034,2218.531491323429,78.09395630339554,410383.9559146589,0.441194536614
29123671,29123672,17.265,5554.762186858835,27.017693512563426,99737.08927701642,0.010727970315
29221595,3182160756,773.533,1884.9652074125256,133.21565569811708,530212.4160883221,0.48065097374300003
34967047,4482781014,98.478,896.8743065742233,8.472620051595449,19945.723447564986,0.061191373337999996
31058257,29122667,12.712,2029.7569994038872,5.595811815190152,17645.879425339554,0.007898868152
29122662,34967047,913.394,1438.3231066510134,82.5147825322733,304098.05853601487,0.5675565431740001
35107205,29122662,51.468,1096.6572516175945,4.024675318783692,12221.561202633331,0.031980722628
29122668,31058257,431.622,2029.7569994038872,189.9996450044057,599146.4576246002,0.268197393762
31058253,31058257,452.788,1387.1566981001972,39.78427702883413,143321.37190105114,0.281349332348
4027015839,29122667,45.256,958.7447180801051,4.087890599993934,10042.725326178681,0.028120765976000002
29122667,4027015840,47.59,933.0997477862918,4.20907055870091,10166.650556282182,0.02957104589
29122668,29654534,129.236,2345.9014161803,26.07619101075206,124569.35191751299,0.080303502556
29654550,29122668,117.231,2029.7569994038872,16.966924658983547,75631.69469291129,0.072843943701
35107205,4027015839,341.348,958.7447180801051,30.83333216649132,75748.28099346922,0.212103748108
4027015839,4027015840,39.172,0.0,2.820384,0.0,0.024340344812
29654550,29654534,17.257,875.1035536883771,1.462041998352588,3385.419917669391,0.010722999347
29122670,29654550,12.383,3634.704595414636,10.15227840373173,39899.15381510919,0.007694437092999999
29654534,29654551,11.56,1874.6544749182665,1.4440845970103462,6170.165182073972,0.0071830487600000005
29654534,29654553,74.182,1346.3504949504124,10.628449456810829,31500.638444771386,0.046094543522
27452626,30139446,70.253,1121.881141800801,43.68413805689219,63209.12752271073,0.043653176863
27452628,27452626,262.719,630.07403168676,19.813950142553843,35357.23786133917,0.163245967749
1124803470,1124803473,13.155,0.0,0.9471600000000001,0.0,0.008174135505
27452626,27452627,13.581,646.1459722787829,1.029184421398272,1877.6306009337718,0.008438839551
30139446,27452627,68.555,1112.5253269890015,5.3859681058548725,16545.268243791674,0.042598088905000005
30134985,30139446,1219.264,1112.5253269890015,90.31935960964168,287920.7883957606,0.7576152909439999
27452628,27452629,14.631,1114.529410554788,1.54315077517914,4133.474614880124,0.009091279101
27452627,30100086,301.646,663.5608808047367,22.987119520844395,42915.61018958004,0.187434076666
27452982,27452968,431.643,2015.350680150056,40.73244141193911,206201.2700009842,0.268210442553
30135002,30134985,656.662,696.5562235852153,47.4892456336556,96323.01534957129,0.40803072360200004
30099352,30100086,204.328,493.3470788241545,14.728026611217546,21206.019808119658,0.126963493688
30134985,27452968,2222.047,1895.6138564404384,175.92044855613557,916585.9959170466,1.380715566437
246753951,274716430,45.8,1078.3014728734045,4.640775875502258,12207.453767517522,0.028458791799999997
274716489,246753951,46.446,1302.007009502655,6.239509655010361,18166.251829794124,0.028860197466
246753951,27452982,616.863,1302.007009502655,52.01011203551888,179642.29421860309,0.38330077917300004
1446063627,27452982,662.107,1476.8074761057026,51.941531568204525,211993.49650272453,0.41141408869699997
27433693,443546222,4.906,0.0,0.35323200000000005,0.0,0.0030484461259999997
1108743218,27433693,32.986,1653.259387776354,2.70909492133833,12053.142796831637,0.020496543806
27433692,27433693,20.993,1381.0561864589567,1.838732298355428,6605.229602600166,0.013044441403
27433692,1108743220,32.578,1620.9351573559125,7.224197878435308,23296.56616063039,0.020243024438000003
30325037,29283308,11.524,263.11263371556066,0.82980287842236,637.6527534671377,0.007160679404
29283308,449286703,137.171,1452.8856482745755,23.134819881788093,71303.19343706359,0.085234081441
1108743218,1108743220,20.102,0.0,1.447344,0.0,0.012490799842
1108743220,443546728,531.11,1620.9351573559125,117.77407254023501,379797.38638260216,0.33001635181
27452617,1124803473,2071.915,1459.0709612721655,352.87467806365333,1089841.9961434708,1.287427895465
27452627,27452617,13.251,1095.1104184630462,1.367487645253092,3627.94153096128,0.008233787121
27556349,29283308,14.043,1344.9645506652798,2.007900197491014,5947.779261141109,0.008725912952999999
27452617,27452620,14.392,303.0487476412105,1.0388571629519519,917.9240817990919,0.008942771432
27452620,27452629,257.511,334.77039884393247,18.61095216399234,18150.389285892015,0.16000986758100003
1124803470,27452620,2058.52,1169.6747335955467,231.79724485071466,637283.1991270591,1.27910463092
30100086,27452617,293.171,667.00929045033,22.36710741323751,41944.544121334926,0.182167957441
27452620,27452626,14.643,1137.953082392825,1.5869363948831339,4298.931310293875,0.009098735553
1285360346,27491008,41.595,788.4654910783295,3.34356132069444,7181.723153171901,0.025845926745
2042944775,307374823,31.116,788.4654910783295,6.414243136810938,10245.97651387989,0.019334580036
3783190952,5105450550,25.528,0.0,1.838016,0.0,0.015862358888
2042944775,27491008,104.734,363.3873390307082,7.548673433991235,8006.18489335344,0.065078670314
27491020,27491016,156.271,788.4654910783295,11.510303928665406,26102.92191868768,0.09710226754099999
3783190952,27491016,570.553,0.0,41.079816,0.0,0.354525088163
995560589,2042944775,30.64,363.3873390307082,2.391516201203148,2409.120151564153,0.01903880744
27491016,27491020,156.59,363.3873390307082,11.333711100576043,11986.115980306446,0.09730048489000001
5105450554,3783190952,39.255,0.0,2.82636,0.0,0.024391918605000004
1285360394,1285360345,169.028,363.3873390307082,13.192989571049802,13290.103165097456,0.105029097388
1285360346,27491016,256.097,363.3873390307082,18.445038388516274,19572.482971465462,0.15913124898699998
1285360394,27491020,239.296,788.4654910783295,17.62559712879496,39971.106625377,0.148691594816
27491049,2044036517,55.118,679.1468716090094,8.038312820995309,11967.678176347768,0.034248726778000005
2044036517,27491049,55.509,530.4500365947949,5.521992471313194,7197.252820275521,0.034491682839000004
1285360345,1285360394,169.577,788.4654910783295,34.956553169140925,55838.85972792808,0.105370230067
2824229414,27491049,1819.872,631.0849554146275,137.29257780425863,245340.6018088131,1.130815684512
1838613334,29123047,95.63,239.55637239038467,6.886709480590482,4817.875116322183,0.05942170873
98983781,1838613334,23.931,2.2803093832357675,1.723032000224574,11.475765130173349,0.014870029401
27484568,1838613334,1185.945,237.27606300714896,85.46958303479472,59193.68040080645,0.736911830595
98983781,27484568,1172.971,772.4539525891396,93.51299597108917,197728.3931923795,0.728850163241
2136081004,27490761,46.437,6.216286306537868,3.343464001504158,60.70468275369699,0.028854605127
6753463640,2136081013,901.646,21.222970748900376,64.9185159679608,4024.104722262954,0.560256676666
2136081013,27490761,46.423,21.222970748900376,3.342456204298188,207.1888673843313,0.028845905933
27492597,27490761,1832.819,472.8070312768816,133.9498034278973,183108.60771082627,1.138860574849
27491003,1332599907,128.141,0.0,9.226151999999999,0.0,0.07962310131099999
5105450550,27491003,711.239,0.0,51.209208,0.0,0.441943288669
2136081004,2136081013,44.973,451.5683701849808,3.278621097848082,4287.7260812303175,0.027944917983
6420248064,2136081004,862.876,457.78465649151866,62.94912521184339,83417.9628826734,0.536166122996
1332599907,1285360346,42.75,363.3873390307082,3.094170442235298,3272.2808490842326,0.02656361025
5105450550,5105450554,42.022,0.0,3.0255840000000003,0.0,0.026111252161999998
27491008,27491003,128.629,0.0,9.261287999999999,0.0,0.079926330359
27491008,1332599907,10.066,363.3873390307082,0.728559524480478,770.4977550147811,0.006254720486000001
2333465477,27540554,142.514,7955.3020450476115,10.330872505823065,238931.199698223,0.08855406669400001
27540082,27540052,545.344,0.0,32.72064,0.0,0.338860946624
27539864,27539851,35.918,0.0,2.586096,0.0,0.022318403578
27539864,2333465477,307.337,2143.339088907884,23.267910118092985,140896.84860082937,0.190970299027
27540554,27540616,1209.586,1012.6523651885057,72.61194947793894,247345.0006006754,0.751601662406
27540554,27543299,1447.179,7665.087822618117,99.41107896372502,2301239.2239624225,0.8992350624090001
27540082,27540052,541.45,9239.108220376334,109.94779279324027,2065442.96992004,0.33644132795000004
2302008843,27540082,193.402,9239.108220376334,18.375458684818817,425186.80313768337,0.120174394142
27543299,27541027,387.143,781.9671390039716,17.424575017249367,60515.24221584448,0.24055943305299998
27543299,27541405,765.122,6725.058639335663,45.172032635840715,1036795.2255196562,0.475424622262
27540616,27540615,39.503,0.0,2.3701800000000004,0.0,0.024546018613
27540616,27540613,35.465,1012.6523651885057,2.133360744711588,7254.202906461249,0.022036922515
27540626,27540631,21.527,0.0,1.29162,0.0,0.013376253517000001
27540626,2425800669,1116.882,1597.7886839850205,111.6062836733276,437382.2979911309,0.693998085222
27540613,27540626,55.768,1597.7886839850205,4.027911051497526,18756.837488872876,0.034652617928
27540631,27540613,66.364,644.18363010704,5.026108785851814,9145.231694926946,0.041236665044000004
27491092,2044036517,803.967,530.4500365947949,42.33314178435061,85172.86679525564,0.499561778757
380434010,27491092,9.136,76.8887261306099,0.657798926492442,147.72269316544757,0.005676845456
2824229414,2824229426,138.504,1009.1711997278554,59.831831910639124,94651.0424180417,0.08606236898399999
2824229426,2824229414,138.33,631.0849554146275,17.575187343840383,25163.730554807385,0.08595425043
380434010,596467664,343.923,383.6444115052799,17.695813311884116,26334.01562087725,0.213703778433
281196665,380434010,206.878,189.10051234176944,12.413233704014262,7899.243755592931,0.128547989738
27491092,36311561,275.844,1499.7427089068126,14.603687440993385,82639.65261011916,0.171401462124
281195695,27491092,357.338,1545.589773056108,20.661360255857353,111021.70470819055,0.222039470398
27539543,27539655,788.946,7955.3020450476115,57.19087626464125,1322703.8345503896,0.490228164966
1809170959,27539543,644.235,5350.537449004089,40.44413668245717,700983.6654112155,0.400308946185
36311561,29533783,355.826,1469.2342382095107,11.017547272829832,114416.34077600425,0.22109995744600003
281196665,36311561,205.464,1399.523127885881,6.988852859965068,59696.96444680105,0.127669371144
27539568,271168847,31.845,3876.185975669473,13.565421247359534,82970.31942764763,0.019787559495
2280773073,27539592,343.691,2880.690361971781,56.83363804501058,348834.9942456177,0.21355962036099999
27539655,27539864,247.456,2143.339088907884,15.612026229033107,107955.00877109746,0.15376198217599998
27539655,2333465477,546.369,5811.962956139728,38.109946391321714,661524.1697462752,0.339497851899
31390647,31390645,191.312,2056.316624269635,87.97529505950011,275137.4864884451,0.118875728752
27541382,27541390,10.344,3408.250835875721,6.7255267794161515,28779.2659294171,0.006427461624
27541374,8185575075,40.519,1733.4942561481778,10.854342000852293,35501.491366325376,0.025177331549
31390645,27541374,500.662,2056.316624269635,74.40479813384736,333943.0792379718,0.311096847602
27541405,262644273,703.751,6567.908895994009,40.65712833229303,929057.6134057186,0.437290462621
262644273,596372698,126.977,0.0,7.61862,0.0,0.078899825467
8185575075,27541382,38.261,1367.8227429677488,3.3286668256219496,11883.142064306947,0.023774275831000002
1679931169,8185575075,575.263,1367.8227429677488,85.0999121551458,254332.046386673,0.357451745573
27541929,27541849,128.968,1932.9155303611767,48.337408036139685,156060.6229547598,0.080136975128
27541937,27541917,40.41,3073.2638201626023,18.35600967905944,86318.08536487272,0.025109602109999997
27541849,27541937,135.572,2536.2170834282765,33.796911526111344,165211.9483761555,0.084240509212
199538245,27541849,1849.544,2536.2170834282765,461.0751108757713,2253907.6494219187,1.1492530048240002
31357344,199538245,14.64,2535.68836618497,1.874641653523734,10762.040804419228,0.009096871440000001
199538245,31357342,79.72,996.2813378821504,32.99958977941706,52569.3066552133,0.04953569612
27541937,27554921,271.432,1943.6265453254944,16.85310236379695,107080.79185686696,0.16865997327200002
27541929,27541937,12.141,2480.673282059819,0.954935816296044,6536.52212073197,0.007544065311
2425800669,2425800671,16.029,0.0,1.154088,0.0,0.009959955759
2425800669,31058253,39.438,1597.7886839850205,3.188016816283116,13831.606767597224,0.024505629498000003
27540631,2302008843,1352.205,1595.5221373248214,61.8115583174128,431020.6474673804,0.840220973055
2425800671,27540631,1100.007,2239.705767431862,116.72768576794745,626953.6971077322,0.6835124495970001
27541348,508065524,104.733,1583.465630929194,21.823949801819744,69827.91523182196,0.065078048943
27541358,27541348,46.025,2161.7310572084943,4.67645863895853,24634.9844652454,0.028598600275
27543286,2302008843,1376.932,7643.586083051516,163.91675675404818,2895014.2558034724,0.855585613772
27541398,27543286,768.508,7614.556464162328,90.62741817679247,1599005.4474564982,0.477528584468
27541390,27541358,70.178,3405.981009258984,45.52078891726382,194940.11338710718,0.043606574038
27542233,27541398,652.61,4143.241956879541,44.71897489027854,560573.189169348,0.40551292831
27541405,27541348,320.455,2373.557281494141,19.521478729766287,153917.88145165573,0.199121443805
27541358,27541398,305.721,3471.3145072827874,24.843232343416684,233472.08006930622,0.189966163491
27541390,27541367,10.549,2.2698266167356294,0.759528000006072,5.03536557818456,0.006554842678999999
27541374,27541382,9.979,2040.428092907972,4.4706260712903365,14052.210244903014,0.006200661208999999
27541367,27541374,10.821,1717.6057247865142,2.822109917874702,9220.287577724454,0.006723855591
27541367,31390645,498.367,2151.2705737295228,81.61977410971954,374922.926035778,0.309670801157
27542365,31390642,11.508,0.0,0.828576,0.0,0.007150737468
27542365,31390647,156.793,2056.316624269635,72.10164777047024,225493.60165061662,0.09742662320300001
262644809,27542247,94.962,0.0,5.69772,0.0,0.059006632902000006
27554934,27542247,417.886,2925.2776799077155,29.55376434427012,255675.75872036265,0.259662241706
31390647,31390642,160.572,2151.2705737295228,26.297588661259446,120798.77696439963,0.099774784212
27542414,27542427,50.446,0.0,4.54014,0.0,0.031345681466
1918530791,27542365,753.341,2056.316624269635,111.95614013236616,502480.7420100041,0.468104250511
31390642,31390656,758.337,2151.2705737295228,124.19621411337907,570499.1039960386,0.471208620027
206191203,27554934,157.272,7068.519636787253,20.791934294961834,329980.98169231974,0.097724259912
27554987,8003428162,47.643,842.7524734975918,11.771444205372449,19169.529612732636,0.029603978553
27542427,262644809,406.942,0.0,24.416520000000002,0.0,0.252861957482
206191203,8185515781,351.194,124.1241835339854,21.07165220627333,8801.959738970781,0.218221766974
8922440789,8003428162,180.435,768.7228945326631,14.35812531149376,30245.90260099749,0.112117076385
8922440701,8922440702,24.765,1367.8227429677488,31.87044871955083,33878.62460510634,0.015388252815000001
8003428162,27554987,47.504,768.7228945326631,9.177815709564078,14514.27630443221,0.029517607984
8922440701,27554987,74.247,1733.4942561481778,8.218615230299358,33674.69237143592,0.046134932637
27541936,27541917,232.439,1084.65760246554,13.993447498271411,50930.741558364556,0.144430853869
27541923,158710679,347.077,1386.9234079423447,21.01265821992863,97320.35196723127,0.215663582567
31390656,199538245,1550.99,1869.328023123812,192.82204885843416,822621.8940020857,0.96374020729
27541917,27541923,12.181,1951.4131725525724,0.9080684115712021,5056.4463541814885,0.007568920151
27541936,158710679,587.529,4468.249673451059,31.519061595664496,524721.2781331727,0.365073482259
206191439,27541929,304.631,2630.9165259815254,18.69999145998195,162373.18282855724,0.18928886910099998
27541923,27541929,40.848,1782.6722864394717,4.708714737612397,19584.970226523787,0.025381762608
158710679,27541955,1186.525,5855.173081393404,62.96529039322624,1387926.2906350787,0.7372722257750001
27541955,206191965,239.639,0.0,10.783755000000001,0.0,0.14890472506900002
27541955,206191829,1581.69,3900.938035080707,73.68995719370639,1231939.4574454366,0.9828162969900001
27554921,206191203,650.571,7192.643820321242,41.22659419767179,953217.9187651218,0.404245952841
206191439,27554921,585.49,5249.017274995746,35.98840560523482,622761.1695513058,0.36380650679000004
262644809,27542233,87.327,0.0,5.23962,0.0,0.054262465317
27554934,27542233,375.816,4143.241956879541,38.76507567618468,389168.844879983,0.233521163736
206191829,2008877556,302.916,144.33112575285236,18.174963801960125,8827.913635551911,0.188223217836
206191829,206191819,655.949,3756.606909327854,32.351443021503925,491593.855312474,0.407587686079
122087860,38457826,628.92,1625.7366210417763,234.30734349316367,637868.251120436,0.39079264931999996
27555345,206191439,1170.87,8461.40538828313,93.88280755310176,2167193.7970285662,0.72754466277
29276773,318549151,120.088,1405.3315054438074,31.344971284265508,83769.42331836476,0.074619200648
29276773,122087860,17.305,0.0,2.0766,0.0,0.010752825155
27555350,206191818,695.606,7050.342009260395,43.09883931785873,995080.8315831431,0.432229395826
260479469,27555350,591.435,4975.86128272975,34.47935703743186,592103.5244947718,0.367500557385
206191828,27555345,1604.944,8461.40538828313,128.6877695094292,2970632.676025704,0.997265658224
206191958,27555345,286.415,0.0,12.888675000000001,0.0,0.17796997496500003
206191818,206191828,580.413,5549.486566602006,38.05997713844471,660718.3628507004,0.360651806223
29683688,27556349,1304.282,1349.3779675092642,187.71040611162775,556998.087041559,0.810443010622
3273832600,27555350,279.463,2074.480726530644,21.03073309807104,123734.00832116089,0.17365020377300003
206191818,206191823,233.093,1500.8554426583878,14.019788185391652,70662.69648883583,0.144837230503
29654548,27556461,507.077,732.7947888393718,37.13607847973557,78570.0963444724,0.315082942567
29654545,29654548,31.057,0.0,2.236104,0.0,0.019297919147
30325037,27556349,16.239,2846.6566760670444,24.300839235040026,47676.16193498935,0.010090443669
29683688,3166519757,968.708,1398.859248248967,150.20985565606247,454197.45900802204,0.601927058668
27554996,8922440912,22.249,842.7524734975918,5.497195015539144,8952.057266622345,0.013824883379
8922440912,27554996,22.489,768.7228945326631,4.344895113935381,6871.243680750577,0.013974012419
8922440702,8922440701,24.903,1733.4942561481778,79.84211436599115,49390.41353314265,0.015474002013
604944182,27554996,112.545,842.7524734975918,9.334735871342117,21055.5549595199,0.069932199195
8025870983,8922440912,113.448,768.7228945326631,8.33800908735395,18462.027088139752,0.070493297208
1509404651,27554999,125.958,768.7228945326631,9.257447893527685,20497.84930512576,0.078266648418
604944182,753028445,203.991,768.7228945326631,39.41124546163872,62326.998518386485,0.12675409166100002
753028445,604944182,204.862,842.7524734975918,50.616493562559256,82427.81049731614,0.127295305802
1509404651,263577638,155.932,842.7524734975918,19.273567540782846,37129.57278031917,0.09689162277199999
1509404656,1509404651,157.975,768.7228945326631,19.35096528181399,34090.052470483,0.098161083725
27554999,8025870983,79.956,768.7228945326631,25.745952371516275,35098.529248844665,0.049682339676000005
8025870983,27554999,80.884,842.7524734975918,33.30749858696783,44989.98505411251,0.050258971964000004
29217327,27555224,799.891,1625.7366210417763,178.80207526625662,577118.3667521441,0.497029070561
318549151,29217325,785.709,1405.3315054438074,123.04989362528629,372957.5249907983,0.48821678703899996
318549151,27555224,20.324,0.0,1.463328,0.0,0.012628744204000002
27555224,122087860,116.537,1625.7366210417763,43.416451835945445,118195.08424095625,0.072412712227
29325968,29018805,11.709,1928.7764763038144,0.933037944761328,4927.493766750116,0.0072756330389999995
27786187,27786114,48.807,2447.1517493663428,29.014954732825224,94034.60662611219,0.030327254397
29018805,27785476,867.652,1724.959519291924,95.38661993320994,389797.8067872645,0.5391337908920001
29018805,3454709317,65.399,1581.3291793238648,13.5796111386339,43428.01896161455,0.040637042029
27786114,27786105,15.083,1454.6351826575865,2.703433269561924,8229.637500204848,0.009372138793000001
27786588,27786105,72.642,1185.7988099300887,8.345800680993282,23114.174599225014,0.045137632181999995
27786112,27786187,48.983,1987.833691345808,15.997087122163757,56099.52879294616,0.030436615692999998
27786112,27786114,14.666,58.83690837795432,1.0559558125686181,181.4634006797802,0.009113027086
28095511,1918390886,170.735,1636.2847513414144,38.84293084805184,125609.63602370927,0.10608977768500001
256077333,28095511,1805.041,1636.2847513414144,133.42827879017614,626466.156497815,1.121600131211
27786114,27786588,81.63,1051.3534750867116,8.040832732373184,20854.353930953628,0.05072251473
1918390886,28095424,232.843,1636.2847513414144,23.916906599581758,94973.98887697714,0.144681887753
256077333,2212270072,116.375,2880.690361971781,42.71799554164396,207341.28577209637,0.072312050125
2212270197,256077333,112.905,1929.9872853013587,14.841478284931727,64407.058611673965,0.070155892755
821551878,28095511,170.11,1630.2112632720346,38.31017641964274,123754.27868810983,0.10570142081000002
821551878,1918390886,13.317,0.0,0.9588239999999999,0.0,0.008274797607000001
27559635,27559689,867.804,1406.7308744020108,136.19968293703445,413024.73477034306,0.539228239284
27559689,27559636,866.276,1355.3357079922057,125.78080069608373,374102.0708900832,0.538278784396
29654545,29654538,173.898,1423.029303233739,13.487455882005072,53411.745184420935,0.108055174158
27559635,27559636,22.52,871.3590251628286,1.9030600249198681,4393.717999766843,0.01399327492
27786105,27785364,439.84,1640.7628929071227,55.41674002907351,206755.0834409931,0.27330382064
27785365,27786104,441.036,1046.9995000432104,59.936247563449605,139921.8526042565,0.274046980356
27785365,27785364,12.562,2040.699804366282,5.6303353153347775,17695.959597376357,0.007805662501999999
27785364,542002955,696.104,3481.585098454468,168.10702875138816,1138218.02807176,0.43253883858400005
542002955,542002954,23.172,0.0,2.78064,0.0,0.014398408812
542002955,1329845589,18.534,3481.585098454468,4.475905426313059,30305.432711609177,0.011516490114
27785369,27785365,181.847,4033.049423895372,78.3199151711017,495848.95372406556,0.11299445223700001
542002954,27785365,696.642,2546.1076243045554,160.108965344792,803490.6023459135,0.432873136182
27785369,27785476,311.926,1407.28535345995,27.700971412003184,100710.05388128667,0.193821770546
27785476,27785369,318.143,1724.959519291924,84.00677486148163,274612.43434365105,0.197684834053
27786104,27786112,15.789,2046.6705997237616,5.5601014068068935,19500.151808426,0.009810826719
27786105,27786104,15.945,999.6710996805529,1.493469705602244,3762.561511554655,0.009907760595
100148221,517480077,311.791,1445.5046866766563,28.281833672735413,104548.46677624072,0.19373788546100001
100150570,100148221,18.152,952.2762624120996,1.630748536543548,3989.5333386582597,0.011279126392
635777523,587656943,78.453,1451.205700850212,5.841844879330032,24209.17347668527,0.048748419063
100148221,100148217,18.26,1627.0514669548938,1.8630569490637618,7375.172928459318,0.011346234460000002
276505293,28245703,273.221,2567.648548127319,25.563944608149203,165499.6055035573,0.169771605991
270975461,3112357466,778.741,2037.733140253908,77.12390240927907,386845.2105705158,0.483887073911
28245703,270975461,13.923,2567.648548127319,1.3027066030036498,8433.65263806963,0.008651348433
28245703,529939223,143.268,439.3510277320247,10.431094356623287,13284.070519488858,0.089022580428
1354124642,28246491,8.939,439.3510277320247,0.65083307126403,828.8403996266485,0.005554435369
3600010793,28246491,39.952,952.8059227778442,14.304877656996611,23200.27039733697,0.024825014192
529939223,270975461,145.066,1325.8145487192471,11.052443814228289,41233.53237301427,0.09013980548600001
1354122705,529939223,635.11,1325.8145487192471,88.29625696491605,259567.33804835833,0.39463893581000004
1337990181,100150570,244.637,1054.190359813968,18.908476747648578,55589.35357961301,0.152010337327
2278484183,31524667,3098.162,1848.6356242042068,378.1102378178042,1603532.6078570317,1.9251080201019999
275000460,275000461,57.795,665.8547927228035,8.10431449653084,11940.377853724955,0.035912136945
1569732400,28248871,96.492,1092.19489110442,7.5357708683061295,22808.165685846772,0.059957330532
28202865,28250929,461.184,1392.156950509868,67.71343748132325,206329.71869465426,0.28656636326400003
28202865,100149263,10.556,0.0,0.760032,0.0,0.006559192276
2280773073,543507321,19.393,0.0,1.396296,0.0,0.012050247803
543507321,2212271020,43.566,1929.9872853013587,16.248847085751397,52489.04381836986,0.027070648986000003
28250929,2278484183,261.336,1147.6050630514126,28.64895730428699,77962.81771146727,0.16238661165600002
100148217,28250929,18.324,1698.546169841871,1.9728666603045122,7995.299927038439,0.011386002204000002
28246491,28202865,21.943,1392.156950509868,30.187098948359147,30986.431567428423,0.013634743853000002
28250929,100150570,18.952,1943.0980573003271,4.203648744994687,16249.146435418761,0.011776223192000002
100148217,100149263,474.733,1325.8145487192471,109.99970335250451,286829.07397150196,0.294985318943
28237832,28237779,17.831,0.0,1.283832,0.0,0.011079666301
100149263,1354124642,20.719,0.0,2.4862800000000003,0.0,0.012874185749
100149263,1354122705,48.282,1325.8145487192471,6.712411832249646,19732.692314167347,0.030001034622
28237832,100148221,748.884,2120.279891219452,118.77247392687096,541597.584129355,0.465334799964
635777523,29806609,117.535,593.8064538519831,8.779515777105036,14856.885318232064,0.073032840485
28237779,635777523,4014.44,2045.0121547021952,589.8897527175023,2639886.2953938525,2.49445659724
100150570,28237779,752.14,2045.0121547021952,339.5113040024937,1065641.930772989,0.46735798394
29691793,615945425,543.342,1409.1468439362309,85.59407223439389,259791.87558310432,0.337616961882
294036283,29691793,150.254,329.87787702494023,10.856884277250174,10435.006251440602,0.093363478234
29691793,29691792,13.9,770.4534936769647,1.1070446638716178,2336.0978529317995,0.0086370569
615945412,29691792,545.574,1430.8633929686116,88.88947075428426,271895.19351490884,0.33900386195399995
294036283,294036287,12.135,0.0,0.87372,0.0,0.007540337085
294036287,30435793,91.948,375.6370460652654,6.659968073637576,7277.090784251074,0.057133820707999994
615945412,615945425,13.492,1280.889523263359,1.7592487813161781,5077.496835361374,0.008383537532000001
615945425,615945364,141.245,1280.889523263359,11.798791046795046,40292.862180235265,0.087765546895
29710801,29710804,16.769,260.63052354785424,1.20904647501789,919.4933050008128,0.010419770298999998
29710801,615945365,31.034,1474.9775295651796,5.42074301123166,16829.25166598802,0.019283627614
29710800,29710801,103.884,1479.9637376650946,9.615123218968105,36053.93521091486,0.064550504964
29710802,29710800,99.586,1378.1350593576967,14.962606121387754,44893.91213299072,0.061879852406000004
29710804,550413099,37.617,260.63052354785424,2.712189233153316,2062.650107592316,0.023374112907
615945364,29710804,23.365,1280.889523263359,1.9517770739379539,6665.317178244878,0.014518333415
29710802,29710801,12.582,255.6443154479385,0.9070697377289221,676.6870579184808,0.007818089922000001
29710804,29710803,12.721,1280.889523263359,1.658716554041142,4787.343406658161,0.007904460491
29691249,6019010073,101.67,1550.145392988336,20.05495325461699,63646.719173692356,0.06317478957
29691342,29691249,135.21,1251.9896312495032,16.941519802477973,48303.354663570026,0.08401557291
1356796549,4140923290,731.161,1525.8926111263702,138.62716925429064,437063.68689815165,0.454322241731
29691249,29691228,12.515,1804.286912205836,3.7782124859960877,12370.51765477743,0.007776458065
6019010081,29691242,11.664,673.9048648509873,0.891993336504726,1687.5231919649982,0.007247671344
29691242,29691244,230.262,1543.1321861921397,44.90200423914003,142238.45745702303,0.143078129202
74285830,29691342,646.995,1251.9896312495032,81.06707051700495,231136.96435586482,0.402023930145
29691244,29691228,102.652,1543.1321861921397,20.017547572574724,63410.64585071918,0.063784975892
6019010073,6019010081,229.83,1550.145392988336,45.335201204963354,143876.51684557603,0.14280969693
6019010073,29691244,10.917,0.0,0.786024,0.0,0.006783507207
6019010079,29691242,28.505,1344.5336070435364,4.073117990067348,12063.297390366271,0.017712180355
6019010081,6019010080,27.931,1392.2695080517617,4.287629964814782,12933.119803755355,0.017355513401
2415800654,252413765,249.773,0.0,14.98638,0.0,0.155201698783
2415800659,2415800654,284.152,0.0,17.049120000000002,0.0,0.176563812392
2415800654,29691482,10.489,0.0,0.62934,0.0,0.006517560419000001
268018596,29691482,265.526,0.0,15.93156,0.0,0.16499015614600002
29768655,29768656,75.151,841.2184149101312,5.572126344264732,13422.90825794983,0.046696652021
29768656,29768655,74.773,798.2618023269412,6.04227280836972,13099.795023223594,0.046461773782999996
29768655,29768648,569.169,798.2618023269412,45.99353205123488,99715.10081945562,0.353665110699
2621152974,29768648,2935.547,1115.588290151108,309.98993002405035,830766.1940228838,1.8240637749370001
76598379,29768656,1567.911,625.5881509432403,113.91859594373632,206865.11314074835,0.9742544259810001
29768656,6650029241,278.966,417.3901847552193,20.269217174115774,24556.974484566887,0.173341382386
2621152972,2621152974,13.409,1114.061429394602,0.9934519680453121,3170.9828372936236,0.008331963739000001
39933917,2621152974,2595.297,1.526860756505068,133.47241716004322,790.8771077621809,1.612642292187
68435104,76598379,3541.504,622.502133219283,266.5243537862933,470533.71496216004,2.200587881984
98029812,6650029241,1792.341,476.94471849078144,129.44595797293988,179943.17419173432,1.113708719511
6650029241,29768656,275.968,476.9483187968678,19.930886723794025,27706.18660513593,0.17147851212800003
76598376,76598379,2005.258,3.0860177239573754,144.37857600394523,1301.3547562050946,1.246009168718
98029812,29768667,188.193,1595.229029284695,39.98629227677147,128275.63683321848,0.116937672603
1012520257,29768672,996.992,497.1408526883192,73.10446439037877,104844.88955180907,0.619501916032
29768672,29768667,991.466,1529.5464931820852,189.1014628763268,596810.1612778303,0.616068219886
29768667,98029812,189.311,1529.5464931820852,18.070240542306124,69083.13391156329,0.11763236538100001
29710803,29710802,17.411,1378.1350593576967,2.6159694653814958,7848.973792977929,0.010818690481
6469411159,29710802,462.991,255.6443154479385,33.34382541904234,24892.599487226144,0.287689180661
615945364,615945365,14.199,0.0,1.022328,0.0,0.008822846829
615945365,615945412,141.346,1474.9775295651796,24.6890617279613,76649.71985502169,0.087828305366
6469411159,29710842,14.724,0.0,1.060128,0.0,0.009149066604
29710842,29710845,49.185,182.2956057798412,3.542498268012234,1885.7369516858269,0.030562132635000003
29710803,29710842,478.272,182.2956057798412,34.447041407720825,18336.79339954628,0.297184350912
550413099,29710803,42.349,279.54114187417844,3.054737610538368,2490.9573859257134,0.026314440478999997
29710845,29710847,15.176,2085.8262306755178,7.323939967668858,22676.253064988385,0.009429926296
29710845,6469357867,670.144,0.0,48.250368,0.0,0.416408047424
30436159,550413099,442.423,279.54114187417844,31.91305999828136,26023.20809354204,0.274908821933
3423882385,6469411159,61.778,255.6443154479385,4.45373980745649,3322.553891598154,0.038387057638
6469357866,29710847,681.91,7.91945630871057,49.09752005818555,1135.6629476118424,0.42371909861
6469357866,6469357867,10.078,0.0,0.7256159999999999,0.0,0.006262176938
3423882385,29710845,18.492,1903.530624895676,6.5980195684544825,21408.7428231733,0.011490392532
29710847,3423882385,13.757,0.0,0.9905039999999999,0.0,0.008548200847
30624394,29778886,1447.416,1235.3613396947933,118.65873322043993,394883.99876273033,0.899382327336
1549537397,91416118,98.506,1842.84221101703,8.87390394348063,41957.33256146711,0.061208771726
91416118,29778886,790.819,1277.6162910167263,65.96756843668258,224875.28743383725,0.491391992849
5973016325,29778886,1390.209,2302.7278659889,267.5863030468469,1268730.2486550123,0.863835556539
30624409,30624394,232.683,634.0443800292179,17.5689125007906,31525.329407070392,0.14458246839299999
30624405,30624394,192.365,601.3169596655744,23.416549454202066,32326.008747830976,0.119530032415
91414324,91416118,37.226,1276.1832930987505,3.464111826390144,11173.685972952295,0.023131156846
2721129357,5973016325,316.917,632.5632719873121,23.918721642453512,42830.9021426249,0.196923033207
1822552903,29784919,428.543,2315.019715799932,83.59687282025217,397244.06963968725,0.266284192453
7236745756,29787103,326.689,571.125272237738,23.576111415827622,39265.25578866971,0.20299507061900002
29784919,2670269991,1563.084,2234.8603117241523,422.0790581549725,1775399.7204777284,0.9712550681640001
288267826,29784919,19.006,2501.981644522142,1.737950301244914,11078.427185251658,0.011809777226
29858029,29858026,290.572,1151.7926785868856,21.61451025364244,71140.06724822443,0.180553014212
29794831,29794830,8.28,1829.91438713143,2.175135530123178,7554.733295365056,0.00514495188
29794182,29794831,381.583,1829.9353546805155,100.24445579327569,348171.7481297588,0.23710461029300003
29858029,29858049,24.751,3185.681358569394,2.539033257849222,19639.245958272106,0.015379553621
29768690,29768688,314.06,1032.4056404937664,30.351959137726343,77910.8140684561,0.19514777626000002
29768693,29768690,152.144,1032.4056404937664,14.703777848341835,37743.30667907783,0.094537869424
29768688,29768672,2461.01,1032.4056404937664,237.84141551784984,610518.0300917382,1.5292002447100002
29768688,29768690,377.494,1165.2234239814698,42.27527613179228,115990.43464221987,0.23456382427400002
1561864600,29768694,2711.641,1130.9816562723845,291.47935593150066,786985.3512237128,1.684935079811
30558152,30558158,424.196,468.7662010793871,30.98643453785387,42010.40859253238,0.263583092716
29768694,29768693,166.569,2393.4746734233386,19.404298019859493,108012.14655041057,0.10350114609899999
30558158,29768693,1205.274,1192.774027914615,97.23318793629349,315289.1392376808,0.748922310654
1561883646,1561864600,221.626,1386.5077477084135,19.466622420276256,70106.74245297465,0.13771196924600002
29778604,1561883646,85.412,1386.5077477084135,12.996890679244393,39119.26119509035,0.05307253985200001
260767421,30558158,445.037,724.460751668635,34.701932438343114,69733.79875389407,0.27653308572699997
5973016325,1561864600,85.348,2616.403101384345,11.567543982022933,67528.26692351491,0.053032772108000004
315487772,1594497163,4016.484,2935.196845688154,213.95286961337698,2355609.0990706584,2.495726679564
1561883643,1561883646,17.062,0.0,1.228464,0.0,0.010601832002000001
1561883643,29778604,77.687,1501.5868650632174,14.161017101531472,44331.00217000577,0.048272448876999996
315487772,3393883724,280.978,16.38095400723558,25.288020063520346,1063.2954613017273,0.174591580838
4097946152,29804381,72.017,474.4709679331185,5.64880146644388,7407.798805642454,0.044749275307
3175888572,288267826,990.944,2497.49905247704,90.47639209104504,576107.534173763,0.615743864224
29804381,3175888572,21.804,474.4709679331185,1.578660098148996,2179.397258249162,0.013548373284
29804381,55208813,57.871,0.0,4.1667119999999995,0.0,0.035959361141
29806604,587656947,95.099,1635.576192097868,9.763216136677409,38760.47828477749,0.059091760729000006
1769691983,29806604,301.135,1676.9415906679274,73.33995819466838,238616.25478260085,0.187116556085
55208813,3175888572,60.621,2018.982694700916,5.944203086740014,29660.570678934924,0.037668131391000004
4097946152,55208813,17.071,2018.982694700916,1.3698456978729,7541.8643664166775,0.010607424341000002
587656943,29806609,87.449,702.3105782300969,13.680440092963885,20726.95114642456,0.054338272579
29808283,29808284,57.368,812.2047519694718,3.4747022765545497,9420.816201121746,0.035646811528000005
3088844303,587656947,19.244,626.8140589162319,1.386363558015336,2537.1090748792835,0.011957663524
587656943,587656947,29.697,999.1190763235668,2.264985140090346,6363.587747162984,0.018452854587
55198106,29808284,61.741,0.0,4.445352,0.0,0.038364066911
29809366,558563443,188.884,34.268818855199285,11.333041723213949,1306.9836871481498,0.117367039964
29808283,55198106,58.347,1236.4932958057427,21.524430978765082,44751.19636004583,0.036255133737000005
29808284,29809366,894.968,812.2047519694718,53.85910641211957,146834.6204341648,0.556107161128
29794829,29794828,16.924,3400.9042387077666,41.942070968651564,64089.021831020145,0.010516082804
29794830,29794829,17.791,709.4906702607428,2.8455894074107557,4333.755239966935,0.011054811461
29794831,52776930,8.858,690.8739785270365,1.33819450525827,2010.3090792855867,0.005504104318000001
29794828,29794831,16.421,690.8530109779518,2.480593336559298,3726.4242092538575,0.010203533191
52776930,29794830,9.484,432.40603508906094,0.797924097700128,916.3423593701315,0.005893082564
352780789,2020003415,129.91,1552.829751959749,21.448707628137164,70989.49966534674,0.08072230661
1272283714,29794829,231.888,1610.614823833173,42.12115743043326,141546.34182301757,0.14408847844800002
29794830,352780789,236.728,1552.829751959749,39.084825335953,129360.34390561303,0.14709591408800002
3463835860,29803511,141.121,1287.4814547004366,18.571993827820798,53749.19580473422,0.087688496891
29803511,29803523,123.566,1287.4814547004366,126.73587732779725,150624.03767884822,0.076780328986
1272283714,352780789,15.277,0.0,0.91662,0.0,0.009492684767
3713107191,52776930,2360.932,13.642641809370842,169.9871057741241,6773.435301145906,1.467014677772
3463835860,5918885404,263.085,1519.0833901281023,49.33201215452668,155232.56239540767,0.16347338953499999
1209011882,3463835860,1372.314,1644.5566772359246,141.81868855907544,564723.2658520229,0.8527161224940001
29803523,29803511,124.194,1124.8006204203468,129.89806546060035,132946.4476244083,0.077170549974
721672406,3463835860,12.14,601.8457706647011,0.9086314398149761,1556.4063168988157,0.00754344394
559764891,1953095288,181.655,522.8480803700991,10.901287741072819,19178.275960924657,0.11287514900500001
559764892,559764891,30.077,522.8480803700991,2.171862997739364,3310.05068483513,0.018688975567000003
267346512,29831326,42.741,1858.6815819206413,7.126777322467632,28171.65415607295,0.026558017911
351687421,29831326,7.714,2597.1482267608176,2.0592705923533017,10101.689300868093,0.0047932558940000005
1929590509,1929590514,16.182,435.6070698300021,1.177743168006228,1487.4586758096282,0.010055025522
29857945,29857954,12.573,1689.1796122784754,13.906681023652085,20503.272972773175,0.0078124975830000006
1929590514,267980710,18.085,538.2269269127592,1.335042045391026,2063.6585239782394,0.011237494535000002
1929590514,29962151,86.466,1071.4226967950924,6.380033104436496,19637.807270683687,0.053727464886
195386869,29857945,10.174,501.71989070479816,0.6112824021382259,1030.8872870079579,0.006321828554
29857954,195385787,10.444,3382.5022673716603,1.1918980468307399,9435.96214997479,0.006489598724000001
29857945,1534211711,254.64,501.71989070479816,15.299484065311438,25801.566617230845,0.15822591144
29857969,29857945,177.118,1689.1796122784754,15.013647809078645,67086.34172439556,0.110055988778
2386325391,1534211711,63.597,0.0,4.578984,0.0,0.039517331487
55166725,29857950,14.473,101.67047153875448,1.042068276276078,309.44397409706784,0.008993102483
2386325391,29857954,313.262,1693.3226550931863,19.860583881391786,108067.2452142191,0.194651922202
1534211711,29857950,845.332,501.71989070479816,50.74206624449784,85642.71900958872,0.525264790172
29809369,558563443,557.254,479.8291055718147,43.87416215221011,58054.67870124289,0.346261475234
29809370,72709884,583.616,1386.5118429049448,49.28515417603603,181125.39409152,0.362642057536
29809366,29809370,536.278,777.9359331142725,52.965640775535554,101535.67599150716,0.33322759713800004
29809369,29809365,282.611,1214.8470219454334,98.53312001410688,205936.86664434837,0.175606279681
29809408,72709884,16.647,1689.6574731073697,2.275692385550844,8561.062389568273,0.010343963037
29809411,29809408,8.42,3384.3336006246163,7.812420994603127,26237.445621097406,0.00523194382
29809408,29809369,577.816,1694.676127517248,66.19605081699648,262243.1298256352,0.35903810573600003
72709884,29809410,3.414,2653.2807062552133,1.58895963876228,6373.770934049622,0.0021213605940000003
1468426088,29809411,510.939,3375.8641500753183,58.093326213078406,459546.6882628643,0.31748267736900004
1468426088,473149155,15.44,0.0,1.11168,0.0,0.00959396824
29809410,29809411,16.944,8.469450549296893,1.2199680006920939,30.17853890018357,0.010528510224
29809410,473149155,525.918,2644.811255705916,42.19465494215229,304347.0731025113,0.326790193578
351687421,29831325,36.039,17.10514358323298,2.594808066924666,129.63625887100505,0.022393589469
29831326,1124803470,719.972,1169.6747335955467,81.07160774228997,222891.23226488326,0.447369721612
473149155,195386869,502.598,2644.811255705916,62.291149414497234,376314.48370145954,0.31229982185800004
29831325,319711973,16.575,23.56719230830873,1.193400006932202,82.1463769181887,0.010299224325
29857975,523550554,12.333,0.7025956061010463,0.88797600000006,1.822221602819882,0.007663368543
669115024,29857975,22.805,0.0,1.64196,0.0,0.014170365655
29857990,29858024,26.039,2204.288651690888,4.508953352731884,20960.711601073275,0.016179879469
29857995,29857990,22.194,1620.1699117692765,1.8776972292734642,8055.637148751191,0.013790707974
59388409,59388408,19.19,0.0,1.38168,0.0,0.011924109490000001
59388408,59388415,296.107,1453.829856863467,22.489913668951793,92186.39078700304,0.183992302697
523550554,534409092,24.405,0.0,1.75716,0.0,0.015164559255000001
523550554,598605518,228.715,0.7025956061010463,16.467480000000236,33.793027964724125,0.142116868265
29858023,29857995,26.609,1614.3455543404134,5.83616488403382,18796.499664416446,0.016534060939000002
2328014806,29857995,710.96,1667.2985338098583,48.864918399384266,245948.73609384184,0.44176992616000005
29858024,29858023,21.55,3356.0813302777724,4.381748620343328,29890.945945545227,0.013390545050000001
59388409,29858024,303.562,1151.7926785868856,27.871338041114562,81634.70136281029,0.18862462350200002
2328014808,595368926,328.196,1741.7357759373592,74.2911434882305,256060.94448914222,0.203931476716
29858026,2030570381,10.545,1151.7926785868856,0.838761655635756,2648.0168599133117,0.0065523571950000005
29858023,2328014808,711.539,1741.7357759373592,161.06547900179177,555147.9859012904,0.442129699969
2328014806,2328014808,17.49,0.0,1.25928,0.0,0.01086777879
29858041,55166725,314.344,1794.9931266319406,20.209863322527323,115263.72385052063,0.195324245624
401888772,671977972,44.744,1610.6938639855484,3.078162233503506,14956.90655535509,0.027802624024
29857950,401888772,568.805,603.3903622435527,34.62707464597454,69444.8568453417,0.35343893165499995
55166725,2386325391,790.766,1693.3226550931863,55.94146724827586,280085.70248429297,0.491359060186
195385787,1468426088,508.199,3375.8641500753183,57.78179056239636,457082.2885481425,0.31578012082900003
29857970,29857969,23.818,0.0,1.714896,0.0,0.014799814478
343381636,401888772,299.982,1007.3035017419962,60.825721330090865,124622.46891056532,0.18640011532200002
195385787,195386869,12.961,6.638117296341215,0.93319200319644,18.09299500425994,0.008053589531
195386869,29857969,191.604,2149.7294822974595,20.212066607472284,104420.10528129511,0.119057169084
29857970,29857990,1387.827,2137.711568095809,224.10974365671288,1026187.6735309772,0.862355450817
29857969,89063542,274.006,0.7025956061010463,19.728432000001447,40.484849793421375,0.17025938222599998
29857995,29857969,1386.129,1661.4741763809957,145.06181507645616,580879.7989595409,0.8613003628589999
89063542,29857975,254.316,0.7025956061010463,18.310752000001344,37.575619001276436,0.158024587236
29857990,59388408,304.821,1453.829856863467,23.15175924406905,94899.30270505276,0.18940692959100003
78546317,29857970,274.075,0.0,19.7334,0.0,0.170302256825
78546317,89063542,23.081,0.0,1.6618320000000002,0.0,0.014341864051
29858047,29858039,13.507,0.0,0.972504,0.0,0.008392858097
29858039,29885368,284.824,2489.320346807945,21.611405469597724,151776.22629961013,0.17698137370400002
3507260928,288304530,10.174,2511.843108305441,1.139669717320254,6740.033888952352,0.006321828554
288304532,3507260928,17.996,1150.8798045280007,5.30571389139153,11170.806440951515,0.011182192516
29885369,29858047,285.378,2921.9961115250712,44.307187910710454,279770.71588945895,0.177325613238
29885368,29858454,11.432,2489.320346807945,1.2595446723383041,7422.502451701259,0.007103513272
4313424162,29858039,423.797,2489.320346807945,32.15616943726338,225831.7746295813,0.263335165687
29858047,4313424163,424.18,2921.9961115250712,38.23566737615847,286567.3071138348,0.26357315078
29858048,29858041,304.697,1025.1131957291584,18.721501229505648,63290.28242986156,0.189329879587
343381634,29858041,253.166,769.8799309027821,29.524508809398405,52845.437737235254,0.157310010586
29885368,29885062,1342.717,96.1609326816398,96.67577965597064,27152.536312791945,0.834325405007
29885369,29885368,15.798,96.1609326816398,1.137924838611726,319.509527498157,0.009816419058
59955202,29858044,52.799,2458.18365171152,5.687156270985581,33350.52121737548,0.032807767429
671977972,29858048,15.326,3.9828202230549774,0.919560000025506,12.32523974685403,0.009523131946000001
29858044,29858093,313.185,1096.1474966493367,79.9775796125308,167798.6386074917,0.194604076635
29858044,29858048,307.429,1362.0361550621835,19.828293123593856,85592.8722634717,0.191027465159
2030570381,56006763,19.378,0.0,2.32536,0.0,0.012040927238
29858049,343381634,1435.52,3169.302805774877,146.01256518151885,1127228.8408723068,0.89199049792
56006763,29858026,22.199,0.0,2.66388,0.0,0.013793814829000002
2030570381,59388414,153.445,1151.7926785868856,14.088448045930729,41264.83799229292,0.095346273095
29858035,59955217,234.785,1360.9633037774408,14.420130119476127,64742.038129352746,0.145888590235
3507260672,29858035,81.113,1951.886448674441,5.353563853938228,32523.727419001498,0.050401265923
56006763,29858049,298.344,1453.829856863467,41.9939799093803,134966.9841699326,0.185382309624
29858035,560977439,242.132,590.9231448969992,21.183449080998983,32578.842251333295,0.150453802972
59955217,29858037,10.131,1360.9633037774408,0.653277207492204,2818.2755898296646,0.006295109601
59955202,59955217,15.492,0.0,1.115424,0.0,0.009626279532000001
560977439,29858093,141.374,2287.7981674296325,34.10295554947592,151777.67478930415,0.087845703754
29858097,560977439,220.083,1696.8750225326328,25.275706591288937,100185.15820680244,0.136753193793
59955222,59955202,10.499,2458.18365171152,0.7884412694040179,5504.2006319808725,0.006523774129
288304532,59955222,113.481,2458.18365171152,8.522059595507908,59493.49384873048,0.070513802451
29858037,59955222,15.091,0.0,1.086552,0.0,0.009377109760999999
29858037,3507260928,103.704,1360.9633037774408,6.369338645612592,28596.410853190773,0.06443865818399999
671977968,29858128,182.659,0.0,10.959539999999999,0.0,0.113499005489
671977968,3507260672,45.393,13.72544538240347,3.268296204617784,131.0214406598812,0.028205893803000003
29858097,29858128,95.686,4.26962535586794,5.741160003365694,82.49241537070199,0.059456505506000006
29858103,29858097,468.227,1701.144647888501,33.21755813052796,166749.38275293738,0.290942679217
29885063,29858454,1363.399,4.518764371381299,98.16472800243581,1295.5962938396028,0.847176600029
29858462,29885369,10.848,3018.1570442067105,1.023052702708266,7758.133567771954,0.006740632608000001
29858454,29858462,16.113,0.0,1.160136,0.0,0.010012150923
29858454,312370453,393.417,2493.8391111793258,43.48927392976444,256465.3715379623,0.24445791470699998
312370453,29858455,51.401,2493.8391111793258,4.687274231550936,29819.583813847225,0.031939090771
29858455,345383999,14.255,2493.8391111793258,1.890938926997436,10578.814926905447,0.008857643605
312370975,29858462,393.736,3018.1570442067105,37.13243721916874,281587.06475297414,0.244656132056
312370453,312370975,14.406,0.0,0.86436,0.0,0.008951470626
345383999,345384098,14.71,2969.0898049984307,5.957444840767356,28564.64101577681,0.009140367410000001
345383999,3548916461,393.272,6.742845713057032,28.315584000403344,557.6520194578386,0.244367815912
29858455,49840926,1097.288,0.0,79.004736,0.0,0.681822941848
29858470,29858455,14.496,0.0,1.043712,0.0,0.009007394016
671977972,3507260672,42.744,1938.1610032920375,3.3528047670347583,17960.326239796956,0.026559882024
671977968,671977972,43.024,3.9828202230549774,2.5814400000716162,34.600098843054134,0.026733865904000002
4313424163,288304532,159.648,2921.9961115250712,14.390701648519368,107854.91406032708,0.099200637408
4313424162,4313424163,16.475,0.0,1.1862,0.0,0.010237087225000002
29858128,29858070,87.689,0.0,6.313607999999999,0.0,0.054487401618999995
343381636,29858070,309.033,1392.1193731300973,31.464191266487166,106656.27156980649,0.19202414424300002
343381634,343381636,151.796,2399.422874872094,18.818843316358524,103132.2203309604,0.09432163231599999
29858070,29858075,475.919,1392.1193731300973,37.069036029035885,143236.6903444816,0.295722264949
29858076,29858104,14.928,1386.3478580544383,1.5125590131209519,5115.456497521811,0.009275826288000001
29858076,1259597829,935.875,5.7715150756591695,56.1525000068695,1090.6452983361112,0.581525584625
29858075,29858076,11.111,1392.1193731300973,0.9427219454501039,3469.900559249632,0.006904053181000001
29858103,29858075,14.814,0.0,1.066608,0.0,0.009204989994
1259597830,1259597829,18.741,0.0,1.349352,0.0,0.011645113911
1259597829,29885046,75.399,5.7715150756591695,4.5239400005534405,87.86810722505075,0.046850752029
29858104,29858103,11.448,1395.5009672196768,0.9740887557826979,3588.666253236531,0.007113455208
1259597830,29858104,945.104,9.153109165238323,56.706240002742724,1746.723222736278,0.587260217584
29216576,283190210,464.661,0.0,33.455592,0.0,0.288726870231
351144759,29216576,262.925,1630.3312646914007,59.22474287507045,191319.2241025941,0.16337397017500002
29215047,287447524,73.491,1048.9040676457632,36.166128981918206,55746.65154055232,0.045665176161
287447548,29215047,40.617,1523.4970387500575,78.86972268958499,66693.4424334104,0.025238225907
8078047384,351144759,437.26,2062.007246310387,65.35481619537238,293749.8843787979,0.27170068346
8078047384,442649846,15.149,0.0,1.81788,0.0,0.009413149279
351144759,29216571,12.24,1199.945354902125,1.4317503158215679,3990.560639847111,0.00760558104
29216571,442649846,439.089,1899.8587949978703,155.7066020431721,505502.9393620034,0.272837171019
29217327,29217325,32.41,1131.75911376799,3.486977624298138,9418.232819321402,0.020138634109999998
29217332,29217340,42.301,475.0833729014092,3.092417151322824,4246.847649753498,0.026284614671000003
442649846,29217340,70.714,1899.8587949978703,41.79348855198251,105513.51900562833,0.043939628894
29217325,29217332,75.572,2537.0906192117964,18.85790562678003,92190.40234470658,0.046958249212
29217340,268466879,28.197,2374.9421678992794,5.873947281546798,28190.323617074817,0.017520798086999998
268466879,29217338,14.439,1287.286349540643,1.2095025108428819,4144.847922332749,0.008971975869
29217332,8078047384,64.388,2062.007246310387,49.81095079819943,115458.16898514346,0.040008835948000004
29217338,29217327,3.19,2757.495734809765,1.0199794060110718,5000.768832137241,0.00198217349
1827996421,262469034,649.888,2193.226459769286,70.37151908910751,367522.8130805009,0.40382155644800005
5024937411,29150076,8.622,2043.858686687381,0.856709658866382,4304.404426927521,0.005357460762
2956750282,29221602,150.958,3500.0528699271417,22.108898136597823,169470.4501418748,0.093800923418
29123672,262469034,28.071,2380.136519666801,9.17256172244215,38507.236141624344,0.017442505341
292149898,822502381,855.105,662.518678833077,118.74682234102399,174487.49757565063,0.531337448955
1263312256,29207420,20.053,0.0,1.443816,0.0,0.012460352663000001
5024937411,1518839541,31.581,742.175050908076,3.490858395656712,6126.6665793397315,0.019623517551
29150076,292149898,532.214,3138.6067267930475,119.30310458901263,742872.7942628423,0.33070234539400006
535639708,29210923,19.869,0.0,1.430568,0.0,0.012346020399
6171409026,29210923,771.334,2059.174722648552,114.95935864678324,516335.410184142,0.47928457891399995
29207420,3378459427,133.996,3871.096977832856,56.83138405233698,347849.8976361253,0.08326122851600001
3378459427,3602294175,79.322,3871.096977832856,33.64263892802378,205917.71082937327,0.049288390462
287447524,287447547,17.262,0.0,1.242864,0.0,0.010726106202000001
29215047,283190210,146.626,474.5929711042953,13.138873141151022,16039.316822289255,0.091109144246
535639708,6171409026,751.629,2489.7142453261367,177.8666931234911,866022.1987908073,0.467040463359
287447547,287447548,33.588,1701.6854391035365,100.17083512322635,64939.4479313896,0.020870609148
29269805,3406569972,17.632,1411.6978338303993,1.3793115666790199,5390.485065957829,0.010956013472
29269804,29269805,19.65,665.6667115737613,1.420030901487102,2753.9155245066827,0.01220994015
29221603,29266247,1483.193,1653.638852405263,194.83172797775657,724569.401579113,0.921613117603
29269804,29221603,698.577,2920.434069869613,129.98089787550882,787711.6992857421,0.434075489067
29266245,1599952651,667.106,2660.9347871434047,100.47559096520914,581756.2848791867,0.414520322326
29269509,29266245,1272.516,3012.7368695837904,256.0097752726572,1571725.2541506332,0.790704539436
29266244,29266247,23.231,3275.752421743882,5.867090339143194,36905.10789007335,0.014435069701000001
29266245,29266244,25.096,2757.795405915704,13.330332617363677,51874.55346272764,0.015593926616
29269512,29269511,33.811,2508.913179537689,4.535093011858194,25453.227886962253,0.021009174881
29269510,101220587,176.757,2869.342474189685,31.5140418166284,189458.40924338336,0.109831673847
29269509,29269512,23.142,2144.3790621917587,2.4335339307135238,12555.145597323086,0.014379767682
29269510,29269509,32.783,2571.350381671009,4.607657248338624,26201.231307153135,0.020370405493
101220587,5896652494,31.898,0.0,2.296656,0.0,0.019820492158
29269511,100084467,36.778,2077.3725082175893,8.085204148864536,33489.06829818312,0.022852782638
29269511,29269510,23.914,2493.243467468519,9.05747684565303,37552.676363371305,0.014859466094
739574346,29269510,1576.469,2947.449388392174,300.0726520045096,1825799.552746297,0.9795721189990001
29219438,29219437,12.94,1658.1396341851098,1.350821103518802,5403.246568439907,0.00804054074
2938442114,29219437,610.323,1353.213561209472,52.7125913291137,186861.49562806662,0.379237012833
4077774872,29217338,253.851,1470.2093852691216,44.0050484213982,136407.4837304458,0.15773564972100002
268466879,4077774871,250.922,1087.655818358637,139.94605804201913,209070.98800185963,0.155915654062
4566145594,5747234980,115.169,1833.8959237369768,8.641031817675863,45030.16839516465,0.071562676699
2933662031,2938442114,285.512,2305.523717362098,33.206162480390134,178135.43065722118,0.177408876952
29219439,5747234980,36.372,2169.49957516456,6.071390112818376,28006.363944483954,0.022600506012
3182160756,29219439,234.83,4281.787081476761,56.06955584829451,468356.59961771575,0.14591655193
29221506,2121324874,38.785,1833.8959237369768,12.308842418821463,40244.2947089981,0.024099874235
697323164,29221506,313.737,2129.7735461407924,32.71098982137392,168135.36340793062,0.19494707342700002
2933662031,2956750282,707.316,1931.198675105835,129.0265723729263,519393.5667835135,0.439505650236
29221506,1827996421,15.983,2001.4430537383928,1.27802078773257,6989.528871709703,0.009931372693
341340978,2121324874,151.108,2169.49957516456,83.4957800074723,250108.28454155085,0.093894129068
735967926,3182160756,353.873,2396.8218740642337,43.791631160942416,239850.57354704887,0.219886419883
697323164,1472911017,9.485,0.0,0.68292,0.0,0.0058937039349999994
2121324874,1827996421,39.161,2169.49957516456,3.995785241314416,21091.02728841628,0.024333509731
29271693,1822620447,27.729,4383.832136587656,18.055305741742895,99287.46340487222,0.017229996459
631457492,29275991,572.024,2227.510970465273,48.172915664869464,284841.36175500904,0.355439124904
2670269991,29271691,29.383,3346.8215382972867,3.944666132415414,29526.825111039198,0.018257744093
29271693,631457492,951.23,2227.510970465273,105.21075584303397,554085.4979894835,0.5910667363300001
29785114,1822620447,957.522,1741.991772557041,82.76759367363363,377539.8979925195,0.594976402662
29271694,29271696,46.966,0.0,3.381552,0.0,0.029183310386
29785114,631457492,10.636,0.0,0.765792,0.0,0.006608901956
1822620447,2670269991,16.104,3351.7022689303108,17.292825865407096,51720.1616254775,0.010006558584
29273065,29273064,32.872,403.2500277746992,2.367962447883468,2788.0157693966444,0.020425707512
29273064,2028472686,585.817,2274.623983224868,109.37460427185334,515854.4139702956,0.364009695107
29271696,29271700,105.546,2239.741042357179,28.683736231835077,120676.17271275185,0.065583223566
2670269991,29271696,271.695,2239.741042357179,73.83726257279699,310642.8736777434,0.168823393845
29785151,2028472686,10.408,0.0,0.749376,0.0,0.006467229368
2028472686,295706305,146.361,2274.623983224868,15.84989887339398,85847.04420489613,0.090944480931
29276213,29273064,257.687,1053.9054106581193,19.915663200570695,58537.2434593685,0.160119228877
29785151,29273065,600.836,2304.491683604161,115.8704704088165,549563.415124895,0.373342066156
100084379,100084467,48.633,15.718865686862625,3.501576064405428,160.76048067412367,0.030219135843
29269807,29269804,15.588,3586.100781443374,5.16478041150927,32498.400342141485,0.009685931148
100084379,29269511,43.099,2061.7027961484177,6.439796092528848,28942.674843682078,0.026780468728999998
100084467,2476364026,1516.368,2093.091373904451,340.2179214909228,1412443.0344364634,0.942227100528
29270503,3406569972,497.134,1393.6623126789034,76.47639799253386,230801.3396140128,0.30890465071400003
29270294,271400982,903.592,2697.12944098226,140.0382436793934,816531.5218506735,0.561465864632
3406569972,29269807,19.937,1009.4149347409646,1.5241551503747819,4319.955238475925,0.012388273627
3406569972,29270294,1266.56,1795.9452117683395,195.7911523376785,760608.0981924143,0.78700365376
29271700,271400982,54.703,0.0,3.9386159999999997,0.0,0.033990857813
29271700,29270295,900.638,2239.741042357179,100.3849355235807,530228.4640516565,0.559630334698
29270294,29270295,24.322,2188.346712080767,2.02792439618529,11843.716337593693,0.015112985462
271400982,29271694,74.581,2697.12944098226,36.70009888483412,145467.1609097984,0.046342470551
29271691,29271693,16.644,3311.071774658328,17.078745468537317,52183.509436777866,0.010342098923999999
29271694,29271691,258.635,2697.12944098226,40.08312507638394,233715.69265094103,0.160708288585
29271691,29270503,1721.918,2732.879204621219,171.63249104131768,1151613.0181676333,1.0699499095779998
29273080,29273064,545.434,2132.9313140686645,87.64293818040771,400858.6801071482,0.338916870014
449284430,29283362,116.064,1452.8856482745755,19.57498111670727,60331.51207674615,0.072118803744
30138577,30738020,111.595,1866.642229231488,37.42457664882683,122014.4956176388,0.069341896745
30138577,29283362,11.024,1397.0659604173277,1.7047176869946419,5151.232584786724,0.006849993903999999
29283362,30138576,264.716,1588.9844187199562,55.66665468787495,178333.10823327952,0.164486845636
286421590,29420472,8.05,0.0,0.5796,0.0,0.005002036550000001
343409992,29420472,630.074,731.1911519072304,107.87422883590943,166766.22337344274,0.391509711454
30138576,30138577,260.526,657.8476023255331,19.81629402195892,36720.85783907338,0.161883301146
6053028362,30138576,183.204,657.8476023255331,13.934978965627085,25822.405593106254,0.113837652684
29420764,739574346,21.445,1250.3138725872336,8.20061709189522,16980.706370111355,0.013325301095
29420764,2475047638,13.766,1960.858292438828,5.4058318377109735,17353.953387739777,0.008553793186
286421590,2429294791,6.546,0.0,0.47131199999999995,0.0,0.004067494566
101213421,286421590,8.609,0.0,0.619848,0.0,0.005349382939
2475047638,343275485,8.837,1177.9623849596585,1.005358145748732,2774.5262059910024,0.005491055527
343275482,2475047638,9.473,914.2396083257722,0.825616274186016,1968.2362829938506,0.005886247483000001
1991669755,29420764,243.631,3211.172165026061,58.162431722608666,364374.5467153195,0.151385238101
2475047638,739574346,13.343,1697.1355158049414,3.3618841159012622,10963.484269794055,0.008290953253
29275985,29785151,145.738,2304.491683604161,28.105390849483218,133301.38838796603,0.090557366798
29275991,29275985,675.543,1537.628144682085,64.81989086250303,248563.33932545313,0.41976282945300003
3243910627,29276213,87.697,1053.9054106581193,43.86486931469704,67362.40286812623,0.054492372587
295706305,29275985,13.519,771.3291266662083,0.9798556904801581,2197.4711320329475,0.008400314549
2058326252,29275992,912.943,2586.6852246618946,129.820629574392,740551.0949298278,0.567276304853
29276782,38457826,26.499,0.0,3.1798800000000003,0.0,0.016465710129
29275992,29275991,15.338,2010.9566026357656,2.179119776166888,9665.934798849068,0.009530588397999999
29275992,29785114,573.642,1741.991772557041,83.23504428620535,318236.36629532423,0.35644450318200005
38457826,29276965,94.336,1625.7366210417763,16.02650003235681,55182.01644569625,0.058617654656
29787103,29787096,452.025,1668.7357435355627,108.58181362120612,352897.1084850598,0.280875226275
29276782,29276773,631.448,1405.3315054438074,164.8184616906509,440477.27346225095,0.39236347520799997
29787096,29276965,1019.155,1668.7357435355627,107.24267911307007,430460.23135783855,0.633273361505
449286703,449286702,133.545,1452.8856482745755,22.523270378676187,69418.35349711422,0.08298099019499999
30738019,29283352,134.068,1866.642229231488,44.96113752547082,146585.77354241314,0.083305967228
29283352,30325037,135.986,1866.642229231488,45.60435933659542,148682.85497612113,0.084497756806
29283352,449286703,10.112,0.0,0.728064,0.0,0.006283303552
30624409,1557591272,141.76,797.5428465279637,10.662020926651117,24125.48080917871,0.08808555296
29768694,165736680,2357.183,1155.8978385241426,260.99761456747825,713013.4798206729,1.464685157893
1841185986,30689763,408.417,1411.124894380636,31.601619103999056,124279.79763875833,0.253778479707
30624405,1557591272,39.006,1385.087131202061,2.527955425868778,11054.644322273552,0.024237197226000002
1717543012,29421417,231.316,1439.627351751407,63.679993057026756,171508.0035448353,0.143733054236
822502381,1717543012,232.911,1496.8111035853055,42.13048816641399,131698.0754541499,0.144724140981
2026362814,165736680,4814.004,2499.4191854655,458.00291504765755,2865275.245057463,2.991282479484
822502381,29421417,14.97,549.2478969557262,1.1073930305267161,1744.4165757258468,0.009301923870000001
1717543012,588159381,320.758,1496.8111035853055,58.02083681441675,181370.61489806068,0.199309719218
588159381,29421731,136.117,1145.3100053123678,14.880979485613842,40452.1767693951,0.08457915640699999
29421726,588159381,208.394,1092.604740813898,21.44671546159429,56826.570970579276,0.129489988174
29421726,303171940,41.194,0.0,2.965968,0.0,0.025596756974
29421730,303171940,206.771,1485.8465678262833,36.7496233043135,114488.05105630739,0.128481503041
29421731,29421730,139.085,1514.4736949850464,13.14934567940037,49981.91844948136,0.08642338553500001
29421730,588159381,26.763,591.2926551018315,1.9979021659777678,3367.9121763831417,0.016629752073000003
303171940,588159345,272.277,1485.8465678262833,25.290487864484724,95056.55657350899,0.169185031767
91416118,29420767,338.926,3019.5239220655617,68.58234346481454,421415.8000699913,0.210598787546
2028770444,1991669755,12.563,1015.4824165265009,5.541242272858128,8733.756870930294,0.007806283873
29420767,1991669755,18.167,2195.689748499561,4.65996099296541,19558.590408759857,0.011288446957
29420767,2028770444,11.432,823.8341735660008,2.650817087888076,4294.219945325846,0.007103513272
29420796,1546015296,223.489,2194.1682422246427,24.213891835345414,126488.96493731647,0.138869583419
91404479,29420796,73.867,869.5160551160044,5.19530415678987,13411.999022059279,0.045898811657
2028770444,1546015296,12.051,810.0479799519068,2.6685846708577317,4302.134525814072,0.0074881419210000005
1546020576,2028770444,9.538,1001.6962229124068,4.019680307106804,6385.295721626674,0.005926636598
1546015296,30625206,790.569,878.3140464888321,220.21326105349118,360498.8843239974,0.49123665009899997
30689763,29421303,3186.29,1035.604015953022,308.9128226623289,794354.719200008,1.97986820359
343275482,29420796,37.561,1324.6521871086393,3.622456772466552,11941.183133652772,0.023339316131
1546015296,1546020576,13.448,2125.902175687717,3.1487733145142403,13128.54114975554,0.008356197208
4201284352,30689763,24.872,728.0878204127365,1.942402566035466,3919.135688285936,0.015454739512
30689763,30689845,412.009,1725.641666009521,34.61796137679828,158768.80156077532,0.256010444339
1557591272,29421303,1208.123,1257.4014447504217,76.43367387799769,309358.5226384971,0.750692596633
165736680,29421303,632.402,2826.7655114562926,366.07211114946995,1391682.4595309459,0.39295626314200005
36311553,29533816,259.687,0.0,18.697464,0.0,0.16136197087700002
36311566,279829852,417.366,1973.3675463477616,13.829397977581003,172778.17810312746,0.259339128786
29533816,36311566,244.662,145.7690717089627,17.615941460945,7499.9968147345935,0.152025871602
29533819,29533816,44.526,145.7690717089627,3.206679921199818,1365.0241566504974,0.027667165146000004
29533832,29533833,75.131,0.0,5.409432000000001,0.0,0.046684224601
29533833,29533832,66.365,0.0,4.77828,0.0,0.041237286415
36311553,36311566,503.848,1827.598474638799,20.998255554184837,184851.33178053514,0.31307653560800003
29533839,29533832,1197.475,0.0,86.21820000000001,0.0,0.7440762382249999
1666281989,30063359,416.804,0.0,30.009887999999997,0.0,0.258989918284
30063359,30063361,68.745,0.0,3.53545716,0.0,0.04271614939500001
30063359,29533839,345.366,0.0,24.866352,0.0,0.214600416786
2136873892,29533839,199.713,0.0,11.98278,0.0,0.124095866523
29551850,29551501,315.939,1787.5751810112324,92.72650860882376,303697.90884336707,0.196315332369
268674646,29551509,6134.597,0.0,441.690984,0.0,3.811860672487
29551509,29551501,1380.592,1935.136194880277,125.650739316186,620847.9570608725,0.8578598316320001
29551501,29551850,306.421,1935.136194880277,115.27419494066335,372014.65996086743,0.190401123191
30553539,76620746,196.315,60.4737434405164,14.135591270876208,2496.6411495203074,0.121984447865
29778604,29778602,585.608,1501.5868650632174,106.7463655797449,334169.031096229,0.363879828568
30553539,29421731,1417.261,1514.4736949850464,263.77755833471656,828918.791493278,0.880644884831
76621139,30553539,124.882,1514.4736949850464,23.242768297410336,73040.20679272451,0.077598053222
541003693,1993003777,1523.352,2035.8796392133368,150.71803749306105,755599.147399394,0.9465667555920001
2014503183,541003693,14.619,0.0,1.052568,0.0,0.009083822649
29778602,315487772,968.9,2951.5777996953907,185.06884097858153,1126728.644549711,0.6020463619
2014503183,29778602,75.28,1721.9786953104333,5.748557208781158,27814.726835000114,0.04677680888
29533812,30063344,3133.129,1469.2342382095107,109.27322365583878,948202.077526531,1.946835499859
276997303,29533796,1221.854,2032.298507189597,98.31485756056497,543993.5371926591,0.7592246418340001
29533783,29533812,430.042,0.0,30.963024,0.0,0.267215627582
29533783,29533812,422.442,1469.2342382095107,14.73338606473587,127846.75703887777,0.262493207982
3949861834,3354531421,62.186,1513.18592629923,11.549817923062271,36281.55779144087,0.038640577006
30063344,30063361,153.927,1469.2342382095107,39.90797101586823,111727.8395526529,0.095645773917
3354531421,29533796,1861.909,1513.18592629923,147.29215263406445,612889.1231664534,1.156936257239
29533796,344287210,447.224,2345.724749573146,53.43242591774302,289302.06705981964,0.277892024104
281902959,387851307,162.723,0.0,11.716056,0.0,0.10111135323300001
281902959,281903189,141.859,0.0,6.383655,0.0,0.088147068689
3869622467,29561045,185.473,0.0,13.354056,0.0,0.11524754348300001
3869622341,29561045,206.683,0.0,7.440588,0.0,0.128426822393
259964504,29561053,7.32,2091.117854014831,1.1701013456952059,5252.977178339869,0.004548435720000001
3869622341,29561053,305.689,311.5594470891084,22.016842646178187,20030.529288036716,0.189946279619
29561053,29561058,14.981,143.24293254667842,1.078885470480396,451.307926932354,0.009308758951
29561053,278428750,640.131,2259.4343685572585,51.60646775828111,317109.3734477301,0.397758839601
278428749,29561058,640.13,3108.548565456927,99.86848775841452,670130.310083188,0.39775821823
278428749,278428750,12.212,297.55281916658873,0.881340584864424,764.714791121691,0.007588182652
29561058,259964504,16.679,0.0,1.200888,0.0,0.010363846909
29561058,29561066,274.333,3251.791498003604,48.46470334010271,330877.6646803737,0.170462570543
4605237211,259964504,16.208,2091.117854014831,2.590847153328072,11631.181565374962,0.010071181168
29561062,29561066,13.957,435.6559264807113,1.006166816858586,1279.1858462994696,0.008672475047
278428750,279828962,6361.084,2400.057548991053,493.1016100026571,3294520.264788882,3.952593126164
259964504,3869622467,19.952,0.0,1.436544,0.0,0.012397594192
268674646,268675080,55.282,0.0,3.9803040000000003,0.0,0.034350631622
1236954257,268674646,86.635,32.984861109756096,6.237722224634304,600.945542161839,0.053832476585000004
567437114,29551509,288.882,1935.136194880277,26.291791401904714,129909.34289903095,0.179502897222
268675521,268674646,13.365,0.0,1.6038000000000001,0.0,0.008304623415
29552070,700777138,7.032,0.0,0.506304,0.0,0.004369480872
29552070,746514729,20.654,890.2509343492334,1.7685116144247481,4142.810723209369,0.012833796634
567437114,1041208313,148.612,1787.5751810112324,12.757364692791672,59927.70318556748,0.092343187052
1041208313,567437114,147.228,1935.136194880277,13.399546750990464,66207.97673907869,0.091483209588
700777138,279861310,15.177,598.8185156831896,1.135076452237512,1935.4609257595748,0.009430547667
700777138,6469357845,107.37,0.2206907414226607,7.730639999999999,4.983036827094823,0.06671660427000001
6469357867,29552070,141.072,0.0,10.157184,0.0,0.087658049712
279861310,29552070,16.235,890.2509343492334,1.3901319870333,3256.440984376104,0.010087958184999999
6469357849,746514729,19.701,0.0,1.418472,0.0,0.012241630071000001
29561045,281902959,1169.458,0.0,52.625609999999995,0.0,0.7266672869180001
6469357849,700777138,23.033,599.0392064246123,1.722715563236004,2938.443794553585,0.014312038243000001
746514729,30436159,373.605,890.2509343492334,31.990160826336734,74938.25894473893,0.232147312455
260988768,287450377,20.016,1045.9966533548347,1.631359311023592,4611.920039855311,0.012437361935999999
1641539258,260988768,48.247,252.90060620826733,3.47433885743295,2566.0724371852425,0.029979286637000002
260989225,29562081,16.543,320.5760422170052,1.1924829705982019,1115.6570569170347,0.010279340453
260988768,332711130,21.33,444.55139276012886,1.54237313654373,1996.7673404729126,0.013253843429999999
29654553,29654531,1515.212,1346.3504949504124,115.8450898373875,437919.4497188979,0.941508795652
29654531,2762491687,54.21,732.7947888393718,4.242210410068848,8604.118382697727,0.03368452191
1641539216,1641539210,323.143,237.0542807914441,19.390970651817568,15467.699727099845,0.200791689053
2248585252,1641539216,33.527,200.9729270929299,2.414097764662296,1416.9937485992905,0.020832705517000002
29654538,2762491687,956.555,1423.029303233739,153.96066819734466,469633.481258694,0.594375536905
29654551,1518864799,349.891,1100.211942591253,25.887216038598872,81675.87606532965,0.217412120561
2762491687,29654531,56.272,1423.029303233739,9.057163174936075,27627.49163131156,0.034965788912
29654553,29654551,70.033,1691.275491203752,17.47225106560432,56943.50835582364,0.043516475243
1518864799,1742703650,735.554,1070.1836309959197,73.88917283553533,193550.20490157173,0.457051924534
1356796548,1356796549,12.668,0.0,0.9120959999999999,0.0,0.007871527828
29654538,29654548,163.578,732.7947888393718,12.800817090172337,25962.82008494611,0.101642625438
1518864800,1518864799,12.309,0.0,0.886248,0.0,0.007648455639
29561062,4605237211,250.764,2091.117854014831,18.26693634789391,110684.11479797357,0.155817477444
1234643929,29561062,1028.499,2312.9909976386525,85.86547611372332,529671.973903196,0.6390794521290001
29561066,151194571,1022.488,2485.933354788545,96.322380841992,601927.8119269194,0.635344391048
29561062,66616874,351.038,1526.6886672397134,101.91373584894733,286111.8799134379,0.21812483309800001
66616882,66616874,206.648,0.0,6.19944,0.0,0.128405074408
4605237211,3869622467,24.759,0.0,1.782648,0.0,0.015384524589
66616882,29561062,249.322,0.0,17.951184,0.0,0.154921460462
66616874,638946911,3545.211,1526.6886672397134,203.8966039640107,1087399.0144040913,2.202891304281
151194571,1912156863,6557.305,1895.1895978339255,431.9811887177399,2551821.362875129,4.074519165155
1912156863,1912156868,131.771,1895.1895978339255,12.153107184111443,58450.25096260211,0.08187867804099999
1234643929,151194571,13.596,89.38060158930452,0.6992362850621581,242.53650668469834,0.008448160116000001
34632828,151194571,472.635,0.0,34.029720000000005,0.0,0.293681682585
29562081,1641539216,22.367,36.08135369851419,1.610424106573842,169.71397275149906,0.013898205157
332711130,29562081,7.003,528.162818587304,0.508541976525576,779.9291518432009,0.004351461113
418358224,1234643929,3291.761,599.5715913072365,238.82957117767413,416053.99661940924,2.045404824331
29562081,260988768,26.563,812.6575071057948,2.0045038560243,4611.793463865915,0.016505477873
28472298,28472300,18.194,0.0,1.309968,0.0,0.011305223974
28472300,28472305,295.526,786.7147417981073,23.73355022788201,50891.93706520552,0.18363128614600002
26759829,610214101,52.216,1.2316556975544286,3.759552000000954,13.524460502801926,0.032445508136
28472298,26759829,255.956,2650.137874709629,72.52677664465979,356275.04303717334,0.159043635676
610214101,26759830,53.198,0.0,3.8302559999999994,0.0,0.033055694458
26759834,610214101,337.788,0.0,24.320735999999997,0.0,0.20989166734800002
26759830,26759831,20.197,3159.950341754119,2.453301687718866,17808.32330881746,0.012549830086999999
26759830,26759832,68.922,0.0,4.962384,0.0,0.042826132062
27324702,26759832,7812.716,0.0,562.5155520000001,0.0,4.854595153636001
5895007349,27324702,10.4,0.0,0.7488,0.0,0.0064622584
26759831,610214109,84.563,2365.8078502642024,27.11794121686849,113946.27581365024,0.052544995873
26759832,26759831,69.49,0.0,5.00328,0.0,0.043179070789999996
3140307357,1342604749,547.357,0.0,39.409704,0.0,0.340111766447
1342604749,3140307357,549.606,0.0,39.571632,0.0,0.341509229826
27324702,1827452339,29.945,0.0,2.15604,0.0,0.018606954595
3140307357,26759834,1857.038,0.0,133.706736,0.0,1.153909559098
26759822,26759823,12.9,2945.9286356615494,8.641515853821414,31381.011437525303,0.0080156859
26759825,26759822,12.667,0.0,0.912024,0.0,0.007870906457
33205352,418751693,99.222,379.5410867952546,7.188647193776112,7935.032752648055,0.061653673362
33205349,33205352,105.767,568.9626743320074,7.8556557970873735,12784.770549521778,0.06572054655699999
26759823,1833373692,178.639,2945.9286356615494,119.66757756672894,434563.7598595414,0.11100109406900001
26759825,1833373673,61.756,2986.4342972406507,43.442404029403086,155101.80295757775,0.038373387476
1833373673,26759822,67.372,2945.9286356615494,12.807466438566845,77910.13174177351,0.041863007012
26759823,26759825,21.401,0.0,1.540872,0.0,0.013297960771
26943854,1833373673,2107.463,2945.9286356615494,183.99385850084622,1412165.588139445,1.3095163917730002
26759828,26759829,22.432,1.2316556975544286,1.615104000000078,5.810109889666642,0.013938594272
1833373692,26759825,196.349,2986.4342972406507,21.88619298154153,154138.90626878577,0.122005574479
610214109,1833373692,582.231,2986.4342972406507,64.8988282386766,457065.98727664165,0.361781458701
610214109,26759828,81.685,1192.489447567298,5.9632738277770985,20575.24710695682,0.050756690135000004
26759829,26759830,16.924,2650.137874709629,2.52753084242985,14603.402922876247,0.010516082804
26759828,28472300,254.937,1985.40028335966,104.28288955802483,332852.3747504948,0.158410458627
26759831,26759828,17.746,794.1424914899169,1.333742299892202,3006.458727844024,0.011026849766
3666634602,26761245,301.484,1423.40952305555,27.009892994977907,98901.22975709815,0.187333414564
3666634604,3666634602,9.98,0.0,0.7185600000000001,0.0,0.00620128258
26761221,266360218,199.45,1211.3731524350017,23.676892285555848,66327.37312264713,0.12393244595
3666634604,26761221,208.785,1285.5321152228337,17.475796352386332,59830.95381358834,0.129732944235
26761223,26761224,14.945,1211.3731524350017,1.119670915394718,3857.826432215973,0.009286389595
26761223,26761226,101.951,970.3813765137736,9.301428289491373,23020.114406536737,0.063349394821
266360219,266360218,15.071,0.0,1.0851119999999999,0.0,0.009364682341
266360218,26761223,123.249,1211.3731524350017,10.011127751368086,32839.6111783925,0.076583354379
26761227,26761226,12.875,0.0,0.927,0.0,0.008000151625
26761226,678884838,299.599,970.3813765137736,22.70941492263389,62211.185112743,0.186162130229
26761224,266325615,149.859,1696.0069531401043,37.68660721595926,122885.93705770398,0.09311803668900001
26761227,26761224,111.161,484.6338007051032,8.029867368931566,11340.720910383743,0.069072221731
254336400,26761227,297.627,484.6338007051032,21.78529464947948,30493.754911262356,0.184936786617
254336400,678884838,8.204,22.7155897753191,0.5906887581380821,39.19014525112886,0.0050977276840000006
266325615,26763093,114.985,1696.0069531401043,12.355474738009542,50031.67775746038,0.071448344435
439181191,266325615,14.044,0.0,1.011168,0.0,0.008726534324
28472307,26759850,81.3,786.7147417981073,6.5291637064989425,14000.509205285509,0.050517462299999996
26759911,26759887,13.601,0.0,0.979272,0.0,0.008451266971
26759850,26759911,12.845,1392.25038756672,1.97175183568359,5947.509804886605,0.007981510495
26759910,26759850,13.356,605.5356457686132,1.000585086577884,1723.3718768724075,0.008299031076
81398241,7129637088,31.177,1313.637836528815,4.40426093740941,12779.07624951128,0.019372483667
26759887,26759910,13.512,1313.637836528815,1.845692348712618,5399.254569975069,0.008395964952
26759911,610214138,253.929,1392.25038756672,38.978977958995586,117574.5595363994,0.157784116659
81398241,81398245,15.837,0.0,1.9004400000000001,0.0,0.009840652527
28472307,28472306,14.521,0.0,1.045512,0.0,0.009022928291000001
28472306,610214122,53.849,761.2694106031969,4.269445581320988,8925.716729650267,0.033460206979
610214137,26759887,249.284,1313.637836528815,34.05133003674337,99611.29190509676,0.154897848364
26759910,28472306,84.195,761.2694106031969,6.675443754188946,13955.704285184574,0.052316331344999994
26761220,26761221,9.725,1691.8637445983184,1.041622958009184,4212.319229279581,0.006042832975
26761220,3666634602,207.553,1423.40952305555,18.594632951621477,68087.35103612462,0.128967415163
610214137,610214138,12.287,0.0,0.884664,0.0,0.007634785477000001
610214138,28472268,119.293,1392.25038756672,18.311887250619108,55235.21114475191,0.074125210703
29962151,267980717,141.432,0.0,10.183104,0.0,0.08788174327199999
267383963,267399134,491.251,2070.956620959538,36.95781090253327,217112.28294238602,0.305249125121
1684200006,26822816,80.13,27.856596217140183,5.769361046680056,469.40774018075444,0.04979045823
267980717,1929624605,144.204,1690.9501186371417,35.957185224811816,117183.24174336804,0.08960418368400001
26785750,1264863307,521.019,1278.8911920004923,43.485501691265746,148340.51541129447,0.32374609704900004
26785750,26785751,43.745,1721.7276735332243,4.796769842821446,19582.238231494855,0.027181874395
26784546,26785750,17.666,3000.6188655337173,3.213589702353396,20112.48473941343,0.010977140086
267385833,26784546,374.151,1453.2739353714087,34.09006375146725,126432.70799190948,0.232486581021
26785788,26785774,617.963,1278.880329182537,80.35155487243553,231714.05614459098,0.383984287273
26785789,26785790,15.547,2578.8101027351845,4.065607066166779,19926.951924428417,0.009660454937
26785751,26784555,13.344,3472.5519155607294,3.5914457462470137,23496.941824706177,0.008291574624
26785792,26785797,129.457,1383.2808420476572,16.605871799364948,51981.76086473348,0.080440825547
26785790,26785791,16.755,2053.055917438866,2.48188542391425,11129.912708837379,0.010411071105
26785796,26785790,172.974,1341.042237776319,22.02099339577252,66962.64562941043,0.10748102735399999
26785788,26785789,17.658,2013.319203403735,1.664725574585034,8422.426588038314,0.010972169118
26785791,26785788,15.581,3042.983406974904,2.933089901172156,18471.80118504404,0.009681581551
26762974,26762962,16.398,1478.1492714999154,2.878784958022008,8946.582574351976,0.010189241658
26762983,26763067,12.931,2132.8662561532547,6.735911600224584,20487.867730628957,0.008034948400999999
678884838,197381698,38.187,993.0969662890934,2.908620264369006,8129.514307444869,0.023728294376999998
197381698,26761245,66.783,982.8285821420902,5.075380518590124,14058.68880004785,0.041497019493000005
26787978,1560791805,96.343,1272.5311356540517,7.279211684174154,26203.921097941347,0.059864746253000006
26788846,26762972,11.829,1373.3939825410598,1.032018907273476,3693.989303770734,0.007350197559
26762983,26762974,95.446,1482.4454534121148,12.495136859019876,41694.73300422001,0.059307376466
1560791805,26762983,31.996,1276.8906157371048,4.148799982564338,11954.164474349293,0.019881386516
26787965,26762979,121.221,1083.0871607174222,8.954073211180404,27841.024195903425,0.075323213991
28977170,28977169,18.148,1226.3666480386698,2.19712069643595,6195.525932988214,0.011276640908
26762974,29831527,120.743,1722.4332195624384,13.247287150006434,54092.395255575764,0.075026198653
29831527,26787978,29.889,1272.5311356540517,29.35468519269713,35589.279790387125,0.018572157819
26765760,26822816,38.139,2841.273099071174,11.072495281783823,57851.145801320155,0.023698468569000004
1684200006,26765760,63.377,1968.961587616047,5.85456332393508,29232.194611788476,0.039380629867
28977169,26867489,208.571,1654.9868476150175,48.95921300939222,158805.32640744682,0.129599970841
5496911313,5496911312,127.034,1242.914473839857,9.557476166306238,33696.00853151498,0.078935243614
26823009,26823014,283.591,622.7372914790745,21.343715624700852,37693.7745910492,0.176215223261
26823010,26823009,25.832,564.7943517654254,1.916923843743,3098.667635160158,0.016051255672
26823009,26823011,74.9,371.65692197858914,5.42379968866179,5864.577262166737,0.0465406879
26823009,26823012,83.417,921.229567507466,7.309288759781592,17511.076484410532,0.051832904707
26823012,26823034,552.328,1824.2619346299653,172.46197351852734,564199.413544353,0.343200601688
26823012,26823010,68.801,7.943934730709227,4.9536720003714665,114.93636233645354,0.042750946171000004
101472541,26823009,29.293,1350.829429199704,4.224885791165375,12543.741193831076,0.018201820703
26823011,26823012,22.762,910.9763018532086,1.9789160111879158,4706.693394467715,0.014143646702
101472541,26823026,16.421,0.0,1.182312,0.0,0.010203533191
26823026,101471629,64.54,1075.2698569362506,6.518447339894286,17119.891679504344,0.04010328434
26823010,26823026,46.438,253.51312267920795,3.347696848447062,2476.6818976792742,0.028855226498000004
1702362931,26823010,44.735,810.3635397139245,3.63939895651392,7979.191754491238,0.027797031685
26823035,26823034,29.67,1986.1395164344528,3.94218077556093,17557.26880476407,0.01843607757
772829346,26823034,184.203,2463.6793175512908,27.71601431502704,148614.13057462635,0.114458402313
1702362931,26823026,85.796,821.7567342570425,7.025997415458138,15562.807205560224,0.05331114631600001
26823034,29318889,132.969,870.8628582185511,9.901479024606198,24623.2168944663,0.082623080499
26785797,26785796,38.583,1352.4530112524726,5.551841412065784,16512.34867734469,0.023974357293
26836036,26785796,260.059,1649.848233751463,15.659270536097141,86677.41602686247,0.16159312088900002
26785791,250055663,2169.252,715.320859577368,156.95616078856517,326821.89172319067,1.347910284492
26785797,26836035,291.874,2830.472725583085,20.255540324747038,171861.14875646893,0.18136203925400002
1953095288,26805818,321.174,2705.1553006064278,14.825921884470198,173518.907753087,0.19956820955399998
1333672016,26869633,386.904,1452.2062354765844,30.19002513994603,121557.73589418065,0.240410925384
26787037,272427526,385.043,1211.6355266535056,45.72439473872596,128105.08086468207,0.23925455395300002
26800044,26836036,1367.75,8585.72698316583,112.56008451577706,2597791.9402052206,0.84988018525
26822970,26822971,110.464,4018.817493831197,22.249675064762933,182162.7770301236,0.068639126144
26868548,26822970,151.295,4018.817493831197,72.77767201474353,434877.94083934766,0.09401032544499999
4731402764,26869633,167.13,2519.2246743718647,15.373239278582924,98402.80032844935,0.10384973523
4731402764,4731402765,11.51,0.0,0.82872,0.0,0.00715198021
26822971,26822973,58.765,826.1157042497836,4.824809822935206,10728.289723662689,0.036514866815
26822972,26822973,42.05,610.5530396793665,3.15435532185789,5473.340570280824,0.02612865055
103553865,26822970,29.438,0.0,2.119536,0.0,0.018291919498
26822971,26822972,30.728,3192.701789581413,7.2188836496184,45161.521181023025,0.019093488088000002
26848661,26848668,24.289,1613.4837883311372,5.319683188036319,17130.159590656935,0.015092480219
26848668,26848672,16.18,1185.719696214133,1.8587264035761601,5147.665696804824,0.01005378278
26848657,26848661,14.998,2534.0715708785688,3.729883806848982,18230.168585321615,0.009319322258
26848672,26848657,30.197,981.3604163068396,2.781737540737998,6931.485125787546,0.018763540087
27253415,27253414,20.105,0.0,1.4475600000000002,0.0,0.012492663955
27253414,27253401,89.932,1224.7384915676769,10.864394570039009,30614.090411708155,0.055881136772000004
26848668,27253414,393.563,1224.7384915676769,47.54507539216591,133974.26127188426,0.244548634873
27253415,26848672,402.828,1383.693619397142,61.035760468243296,183517.03292063583,0.250305637188
26848988,26907678,13.09,1421.522639094546,0.95187174731139,3925.442011303331,0.00813374639
26848988,2874697972,273.351,1726.0320322022674,72.30997692328114,236393.7784870049,0.169852384221
26852172,267365408,63.053,1025.8950094178304,8.065138526544606,18737.88528922909,0.039179305663
370014850,26852172,88.686,1025.8950094178304,10.864294003071816,25541.745077221123,0.055106908506
2874697972,26907678,272.068,1789.8193937982146,31.55233053907879,131517.0351774685,0.169055165228
26848991,2874697972,152.682,1789.8193937982146,21.862302973639483,86150.68802213878,0.09487216702199999
267339581,26848988,308.972,1433.802248456554,18.57608778371469,89475.8678549535,0.19198624061199998
26907678,267340733,274.64,2060.9950506141618,17.20397443087751,115063.98895434718,0.17065333144
101471630,26823017,51.13,1273.7525487455314,4.258070198954556,14484.342584145666,0.031770699230000005
31372375,101472351,16.142,0.0,1.162224,0.0,0.010030170682
26823017,31372375,26.348,1530.7493039109313,5.035183238277852,15896.516975156961,0.016371883107999998
101472351,26823017,10.522,256.99675516539986,0.757780675576734,568.7065585004208,0.006538065662
101471630,101471629,117.716,499.3244680284065,8.634287293563666,12434.846843445328,0.073145308636
29318889,275415670,39.883,870.8628582185511,2.96987033021508,7385.539181327982,0.024782139593
31372375,26868548,216.017,1530.7493039109313,20.635354208818093,78925.51552575812,0.134226699307
101471629,101472541,64.157,1350.829429199704,9.253268620619172,27473.075607572515,0.039865299247
26952349,26823035,130.363,1014.0774572938888,9.976854313947241,28389.025238039547,0.081003787673
26838117,602244726,9.031,1052.101331087588,0.890265984161778,2309.880496565835,0.005611601501
26952349,29318889,30.233,0.0,2.1767760000000003,0.0,0.018785909443
26823035,1702362931,525.518,1632.120273970966,118.7287879465001,383663.1842977075,0.32654164517800005
602244726,602244728,8.591,0.0,0.618552,0.0,0.005338198261
237204812,1953095288,184.546,2182.3072202363264,8.395367691274524,80472.45866615631,0.114671532566
602244739,26838117,57.476,1052.101331087588,5.665920463479401,14700.774157969001,0.035713919596
602244733,26838117,9.505,0.0,0.68436,0.0,0.005906131355000001
26867489,26867490,17.068,954.4844790801412,1.536197534033754,3763.6171065066005,0.010605560228
26867489,26867474,587.133,1832.8824497849484,94.87574780420215,372427.09537690016,0.364827419343
101472351,101471630,56.359,499.3244680284065,4.133845845747006,5953.443314840254,0.035019848189
103553865,26868547,180.757,4003.434130366109,36.05196563599273,294721.43210825324,0.112317157847
27786927,27787375,83.855,1549.2777803284323,8.107642755025902,31225.127578258966,0.052105065205
27786929,27786927,9.996,0.0,0.7197119999999999,0.0,0.006211224516
26867474,27786927,299.064,1549.2777803284323,58.90818604616179,186909.6501260565,0.18582969674400002
26867475,26867474,15.948,1527.2859514876172,3.0305795082671763,9558.556543631072,0.009909624708000001
26867490,27784976,137.151,840.2520286849422,18.92980213249241,35330.27990170571,0.085221654021
27786588,415917290,352.15,1051.3534750867116,34.68797313126567,89965.21789520174,0.21881579764999998
26867475,26867490,585.726,1940.380902051456,108.08529069715264,436024.1988434145,0.363953150346
415917290,26867475,600.43,1055.1116382225684,59.37315719551392,154297.23608549451,0.37308978953
26867722,27186874,327.764,3099.804695343027,38.61338543336502,277426.4219663106,0.20366304444400002
27186880,26867729,328.456,3019.8995504477693,66.48502698967523,408548.04473037244,0.20409303317600003
26867729,26867704,48.082,3019.8995504477693,9.732606704452236,59806.510116197496,0.029876760422
26867722,26867729,12.979,0.0,0.934488,0.0,0.008064774209
26849000,26907788,43.512,288.6657428319249,3.23772563605404,2670.1683243526804,0.027037094952
26849003,26849000,11.66,364.5815494344398,0.9110196456676499,920.1699602225166,0.00724518586
26848991,1420372623,21.763,1726.0320322022674,3.99100532461383,14341.744552445805,0.013522897073000001
26849000,1420372623,238.149,709.8471720230718,63.55495849422842,85219.47846058983,0.147978882279
1638700883,27374464,312.097,5357.248666738349,15.808811443179787,333610.3261485192,0.193928024987
573213381,1638700883,585.657,3572.95111456157,28.424984009622634,417490.43555440975,0.363910275747
26907788,26907790,9.877,270.2676382360576,0.729434595012192,566.0248245078956,0.006137281367
26907790,26849003,44.239,1020.1543393267968,19.815329422765128,31143.225857572314,0.027488831669
26849062,26849074,11.19,93.74854656952586,0.805698749723652,220.60981005717866,0.00695314149
447911495,26849062,13.18,0.0,0.94896,0.0,0.00818966978
26849059,26849055,39.738,2140.560102946217,6.43598157916386,29489.85411040017,0.024692040798
447911495,26849059,40.556,383.4408450602978,2.923788558720468,3271.56452335154,0.025200322275999998
26907937,370014850,236.162,1025.8950094178304,37.79695519084345,83223.05825420986,0.146744218102
26868548,26868547,25.739,1445.4322624242443,4.29039726955284,13189.889819847021,0.015993468169000002
26849074,447911495,12.389,0.0,0.8920079999999999,0.0,0.007698165319
370014850,26907935,234.163,780.1449209369481,28.29555942319743,50784.91431259054,0.145502097473
3463621770,26870674,12.686,2190.28654703308,3.231091800311352,13556.125346846482,0.007882712506
3793828082,26873454,1759.139,3266.886122255154,226.07139993335858,1670490.9558595344,1.093077959569
26870674,26873454,12.244,1003.4071949633294,2.4580204667603582,5028.550169684707,0.007608066524
1348697004,26870674,181.646,2636.9004759830354,82.7940409388679,333493.99861191394,0.11286955666599999
60114463,26871117,38.046,605.4967465824164,2.76122479795779,4856.728146769017,0.023640681066
60114463,60114464,47.47,385.1114020911247,3.4207754612569676,3845.469730180532,0.02949648137
388575368,26870782,207.402,2032.8050361488129,30.108248947112028,134316.73903362005,0.128873588142
26871117,60114464,43.482,410.1931845942234,3.1309202991948237,3750.890329258964,0.027018453822
77752644,26871119,14.014,693.4653050550673,1.022894814645246,2052.6316887947023,0.008707893194
1187034612,26871119,39.808,501.5392478546169,2.866263421177098,4198.618892916926,0.024735536768
26871119,26871120,14.648,501.5392478546169,1.05862736316708,1546.763179446114,0.009101842408
26871119,1187034608,43.938,693.4653050550673,3.207075236612166,6435.602336396578,0.027301798998
1187034612,1187034608,50.272,297.1428436184737,3.755607472614174,3179.9830152443133,0.031237562912
26871121,77752644,14.284,0.2398315366279665,1.028448,0.7204156879766462,0.008875663364000001
26871120,26871121,13.161,1059.235928129443,1.3069822682843582,3403.993501298924,0.008177863731
1187034608,60114463,279.268,990.6081486735412,21.259608662744526,59291.573006000595,0.173529036428
26868077,26868068,15.732,0.0,1.132704,0.0,0.009775408572
26868068,26868071,66.136,693.7065990960817,4.8274190379737165,9690.37556639909,0.041094992456
27186880,27186874,12.449,3481.585098454468,6.274178025141552,31703.303440439875,0.007735447579
26868077,26868067,68.526,2223.316499528941,7.203983424569028,38538.946148145405,0.042580069145999995
26868071,533626128,205.631,693.7065990960817,15.009480527966213,30129.45473107253,0.127773140101
487689287,533626128,27.472,1787.397894941346,2.3052296066294398,10958.609698737644,0.017070304112
26868079,26868077,68.465,664.575600596611,4.986705257720196,9603.656538938,0.042542165515
26868079,26868071,26.75,0.0,1.9259999999999997,0.0,0.01662167425
26869288,1711812137,179.324,841.8596176586673,14.865234330597229,33504.972643137844,0.11142673320400001
1333672016,26869288,35.427,1423.9626420792172,5.710367761258176,17424.380984285704,0.022013310417
28096072,26913850,23.106,3380.204915703024,6.39362591792115,40366.1811959109,0.014357398326000002
26869288,430206552,10.666,1113.683363899424,6.462707756510064,9426.336295512012,0.006627543086
281157439,1333672016,38.766,1452.2062354765844,62.6310402895752,58883.84902175584,0.024088068186
430206553,281157439,11.647,77.40474754519838,0.838729114584768,189.59732739996306,0.007237108037
281157439,26869288,12.655,531.5803394788737,0.933080194401066,1425.6397045105552,0.007863450005
430206552,430206553,12.648,1939.1230506384236,4.789925427892836,15446.267615288198,0.007859100408
26982746,26982747,64.044,950.9104951048636,5.74707721526676,14047.373306237974,0.039795084324
26871408,267426358,48.385,1862.1655495728928,3.50391344847939,18982.277888806024,0.030065035835
26982747,27176642,450.648,128.8127840769029,32.449347410403405,12207.724275857116,0.280019598408
26982747,27176669,18.944,825.132434360177,1.5544583286959521,3453.4577174330548,0.011771252224
267426358,267425813,499.726,236.6782683167077,35.980547522523864,24872.440397619208,0.31051524434600003
1137743423,27177334,150.081,1124.7513918476618,16.016081049973966,43113.78344792558,0.093255981051
26871428,26871408,13.371,1351.6117063441843,1.930718510549262,5734.08207741946,0.008308351641
26983068,26871408,280.202,1529.5987575197043,53.44723530010583,168683.61265650156,0.174109396942
26871428,26982746,283.568,1074.9843154404848,28.631229710768462,75185.28752787544,0.176200931728
27177333,26871428,990.937,1346.0527223625745,141.9143476507941,420557.0500601021,0.615739514627
27177333,27177334,66.161,1531.6637521749024,12.66241551678591,39986.502506500525,0.041110526731000005
27177334,602906773,177.945,1479.9637376650946,31.330151646753603,97423.0809000916,0.110569862595
262476527,26871569,33.441,2099.612693448507,27.508781603956205,62309.73324678585,0.020779267611
588159289,311718989,13.871,2581.898028770478,6.0665646182178365,24409.752965155516,0.008619037141000001
26983068,26982746,13.054,553.6107455018146,0.9664871809607158,1533.6803817498485,0.008111377034
26871569,588159289,34.677,1730.9887653056494,6.38459514502485,22988.304210368457,0.021547282167
26871370,26871407,129.78,1599.3004491677227,9.37362826729998,43691.26934886761,0.08064152838000001
26871395,26871370,332.823,1596.1369658569072,20.28568374806398,107507.9358885609,0.206806560333
26871121,26871231,196.431,1058.9960965928142,19.50215933415015,50786.30314333794,0.12205652690100001
26871231,77752644,202.829,839.1272611952886,15.034594401969095,36134.194808529006,0.12603205855900002
26871383,26983105,372.454,3933.684797244146,18.69496897286889,292306.64391906554,0.231432114434
26871395,26871383,517.311,2482.788839450444,33.91686176583072,263452.9853794747,0.321442053381
267424810,26871370,258.534,3.1634833108152773,15.512040000003793,165.14257959806028,0.16064553011399998
26871408,26871407,90.448,1019.0449142909956,6.93019591183947,19801.910261062327,0.056201764207999994
26982746,26983105,269.151,677.6845658374351,16.157372214863837,36832.403612379305,0.167242626021
267405714,26871395,1554.907,4078.9258053073536,79.30753323176634,1265619.7328156887,0.966174117497
267424810,26871383,471.619,1450.895957793702,21.452368387822318,136727.59241249718,0.293050369649
26983105,26983747,724.739,4611.369363081583,34.86258376290774,666853.6931660778,0.450331797169
26983748,26871401,604.323,6572.0992648609335,46.57691575054697,855170.8044310965,0.375508786833
267428802,267425813,609.642,3517.376964572312,37.681490514544365,434916.51074025733,0.37881385918200006
26871401,267428802,455.955,7490.127848309068,51.64843345675743,907568.8289449459,0.283317214305
26871401,26982747,364.413,3.034723332216182,21.864780000000888,223.3000478796461,0.226435670223
26747610,28096063,370.324,2410.2122727313404,80.2114948497001,386919.2700988958,0.230108594204
26747618,26747610,14.081,1100.8695575964732,1.102449301840092,3358.1335791304546,0.008749525051
28096063,26747602,18.819,1310.1286502145897,2.557672482258018,7471.369861936693,0.011693580848999999
26747610,26747611,15.486,695.5158454189125,1.193601309370878,2319.171812475239,0.009622551306000001
26747612,26747618,16.643,1158.5889475802403,1.848808654336014,5057.035094030649,0.010341477553
26747612,3499256068,1358.538,1325.225528266438,188.70922970956394,554623.4852239175,0.844156115598
26747611,26747612,13.812,2483.814475846678,3.247015661230062,15800.279887827133,0.008582376252
28096063,28096068,169.788,3810.272225715419,68.3417701677476,421680.6925158036,0.105501339348
3499256068,6366276983,417.224,1649.8841606629348,97.10416712423691,314720.7433896635,0.259250894104
28096068,26747658,397.405,1535.968678382875,76.59416900576761,242162.50869074685,0.24693594225499998
3499256403,26747618,1362.429,1639.9291505278125,140.31854035613918,557886.3019366007,0.8465738701590001
3499256403,3499256068,8.739,324.65863239649667,0.6313140863341621,597.2717883928862,0.005430161169000001
254126110,26747669,32.651,411.7026155594292,2.371220743738128,2834.613565051513,0.020288384521000003
254126110,26747668,35.423,668.5992453864882,2.570356339258446,4992.8327821117655,0.022010824933000002
28096068,28096072,54.919,4168.532318153668,29.95690177634436,173658.91224299392,0.034125073948999995
254126110,2520200415,15.721,955.5550960057706,5.681056094514528,9205.781790043155,0.009768573491
29216576,29216569,18.489,474.5929711042953,1.351555227511974,1854.2661240429086,0.011488528419000001
29216569,29216571,271.538,1163.4231271730475,50.57064935008752,122063.23800700725,0.168725838598
26936201,29210921,68.796,2489.7142453261367,62.29464912118374,156581.45638543152,0.04274783931600001
29216576,26936201,725.845,1630.3312646914007,163.4990339152059,528166.215531986,0.451019033495
26936200,26747436,60.232,1988.879145479145,24.780779268373742,79026.99380032416,0.037426418072
26747659,26747610,130.78,2004.8585605537785,55.249647198103425,175459.77420717702,0.08126289938
26747436,26747659,44.214,1974.9753344188869,17.77535092935739,56879.28804056525,0.027473297394
26747658,26747436,42.692,1506.0854522479838,7.838699594844072,24572.17298533483,0.026527570732
26747601,270654819,318.762,3726.068383304935,119.296827617514,742926.8158261264,0.19806946270200002
26747602,26747601,16.458,4348.369641261895,4.104362724857112,34395.6852946283,0.010226523917999998
26747658,26747659,37.247,29.883226134890894,2.681794309267716,234.07031108360044,0.023144205637
26747601,28096060,17.975,622.3012579569606,1.35267607653849,2387.3884495420734,0.011169143725
271168847,28096060,318.565,3876.185975669473,58.616711874395556,472678.91678421723,0.197947052615
271168847,270654819,17.046,0.0,1.227312,0.0,0.010591890066
28096060,28096063,15.766,2710.1886031986687,2.46892916630964,14431.610184612748,0.009796535186
28096060,26747611,365.784,1788.298630427765,107.48700252081798,352039.2471314734,0.227287569864
270967331,28299286,209.655,1727.0517602440823,18.019920685445946,81729.91819366481,0.130273537005
26749712,270967331,59.828,1727.0517602440823,5.142237555836304,23322.780499823897,0.037175384188
270967331,26749711,14.815,0.0,1.0666799999999999,0.0,0.009205611365
26749711,26749724,60.891,2424.2204272600984,5.427550680042744,33930.49016918707,0.037835901561
26750962,26749712,151.53,846.5588830799004,11.032196854543878,27072.011117082133,0.09415634763
270967329,26749712,12.093,880.4928771641822,0.9283947194445961,2289.258329312351,0.007514239503
26749724,270967330,12.025,2424.2204272600984,1.0718545750195259,6700.7298990733425,0.007471986275
26749712,26749724,13.15,0.0,0.9468,0.0,0.00817102865
26749743,26749742,14.803,99.33708495183863,1.065847268136288,309.2375082830697,0.009198154913
26749742,3847019599,22.469,880.4928771641822,1.910718162788568,4442.848591172028,0.013961584999000002
270967330,270967329,13.436,834.8148916103563,1.019195544819312,2400.8397274575304,0.008348740756
270967330,3847019588,24.841,1589.405535649743,5.227412598395004,16748.055126814477,0.015435477011
3847019596,26749743,22.437,1589.405535649743,4.721527171619046,15127.253849697547,0.013941701127000002
3847019596,3847019599,14.594,0.0,1.050768,0.0,0.009068288374
3847019605,26749742,22.853,1699.862278807752,5.784505121779662,18869.13001415435,0.014200191463
26749743,3847019602,22.622,2018.870710648309,9.780924180667794,30941.229069907393,0.014056654762
26749628,26749248,61.422,1167.4650087242717,4.601305751947535,15280.004704666637,0.038165849562
4308915673,26749628,604.174,1167.4650087242717,44.05738832154177,148934.6476473413,0.375416202554
26749248,26749608,16.998,852.8789001757973,1.295252354893662,3108.213966356213,0.010562064258000001
26749248,269570993,110.629,1909.3848592434708,39.862262831978725,129224.13798305443,0.06874165235900001
271649075,4308915673,12.643,338.5683909378999,0.910556495048934,900.2486021055678,0.007855993553
4308915673,4308915682,59.301,285.42580092936527,4.278209712806334,3561.676363459501,0.036847921671000004
269570993,26749608,107.625,1856.8873313443955,13.231731175764828,56248.378165632865,0.066875053875
29025741,269570993,458.305,1856.8873313443955,56.34535244142996,239525.32362555512,0.284777436155
26749697,28299285,105.721,2424.2204272600984,36.59725350604832,153064.99744424675,0.065691963491
274977646,26749697,11.817,2424.2204272600984,4.0906702044151375,17108.8910887966,0.007342741107
26753996,4308915673,792.221,3352.917530672933,214.04059214252263,1350508.107612444,0.492263154991
26749697,26749702,15.207,0.0,1.094904,0.0,0.009449188797000001
28299286,28299285,11.936,0.0,0.8593919999999999,0.0,0.0074166842560000005
28299285,26749711,201.318,2424.2204272600984,25.39761277117938,139952.73353147268,0.12509316697800002
26749702,274977646,15.887,0.0,1.143864,0.0,0.009871721077
28299286,26749702,106.858,1727.0517602440823,9.18448252894223,41656.50997275827,0.066398462318
26784543,26784546,36.114,2232.824385234279,3.8171797263465304,20468.12975299565,0.022440192294
26750962,26750961,8.578,0.0,0.6176159999999999,0.0,0.005330120438
26784426,26750495,254.095,1305.2120063278085,34.291413686467614,99970.05104363881,0.157887264245
26784543,267383963,329.139,1366.960966705722,28.622317878646253,102138.02349460559,0.20451742956900001
1352194826,26750962,198.774,846.5588830799004,27.27865238285169,51366.543967902275,0.123512399154
1352194826,1352194827,10.541,0.0,0.758952,0.0,0.006549871711000001
26750961,1352194827,198.569,834.8148916103563,15.062566250314571,35481.71657052067,0.123385018099
270967329,26750961,139.641,834.8148916103563,10.59254875514394,24952.0437914482,0.086768867811
26750965,1352194830,35.759,1031.4894471763916,7.716188229969541,15944.354171029909,0.022219605589
1747531131,26750965,26.192,834.8148916103563,3.50158874654064,6544.663999471956,0.016274949232
1352194827,1747531131,20.031,834.8148916103563,2.677929298333674,5005.1987085149185,0.012446682500999999
1747531134,26750965,10.883,196.6745555660352,0.7836015331876081,450.1199504963282,0.006762380593
1352194828,1352194830,10.513,0.0,0.7569359999999999,0.0,0.0065324733230000005
1352194830,26755098,162.285,1031.4894471763916,35.018362003988,72360.2314562932,0.100839192735
1747531134,2298537955,26.146,846.5588830799004,1.9891133427667977,4742.740414192122,0.016246366166
1352194828,1747531134,33.279,1241.9768374639964,12.453192659878368,25851.299358467975,0.020678605509
26750448,267384249,468.08,4524.935838402076,33.76044384302474,445652.64353301306,0.29085133768
26750448,26750460,227.999,14.427938743158563,13.679940000285756,664.2217353237467,0.141671966629
3847019599,3847019594,205.773,880.4928771641822,17.49851833688603,40687.98269398912,0.127861374783
3847019605,3847019602,14.958,0.0,1.076976,0.0,0.009294467418
26750460,26750515,18.93,5.274879356096138,1.362960000002574,20.998591989875393,0.01176255303
26750460,26750488,479.465,1813.5171218841065,147.02086858860295,481215.99782232754,0.297925646515
267384249,267383963,99.02,703.9956542538151,4.498636058499336,13929.667561574102,0.06152815642
267384249,267399134,585.264,3820.940184148261,40.03637046799153,463412.2227613991,0.363666076944
30736687,26750488,22.852,1352.090398708057,3.3020816505392943,9808.757127738427,0.014199570092000001
26750488,26750490,323.552,2442.137335739353,38.89884968777705,218869.81072763243,0.20104582979200003
26784555,26750460,91.053,1804.364062497043,10.691358698191188,44757.300096239094,0.056577693663
30736687,26750515,487.931,2091.209157760052,75.11536674282624,340100.9896499389,0.303186173401
26750490,26784426,258.026,1736.2140288771766,69.43866478241078,227149.5638112278,0.16032987364600002
198960349,26750495,551.145,1559.425698592663,44.10131023345243,187847.0645370444,0.342465519795
26750495,30736687,321.988,1894.8826705981228,113.23145166094446,367871.7173800481,0.200074005548
26750495,26750490,13.717,354.94202476911425,0.9923467552504681,1025.407440260497,0.008523346007
26751274,26908819,274.272,1397.807443733911,19.93156056209803,80860.0562645983,0.170424666912
26751274,26751273,29.309,2158.9825100997946,4.838842959008394,22267.107555815215,0.018211762639
26751300,26751298,295.194,1678.496398338239,23.200972623234357,107503.40585467385,0.183424990974
26751300,26751312,399.34,126.40453531030914,28.752916852689996,10615.356005361113,0.24813829514
26751273,27186876,444.242,1665.8263714078444,77.73934407398279,272466.0891668228,0.27603909578200003
26908820,26751273,283.172,238.95648936613628,16.990455187335723,13662.980892188563,0.175954868812
267365408,26751274,1298.813,900.0278773110341,112.0019890365987,264281.80767824466,0.807044732623
26751291,394582779,49.485,0.0,3.5629199999999996,0.0,0.030748543935
27186874,27186876,11.657,4207.430085296141,2.6517420853183262,22050.175970695916,0.0072433217470000005
26908819,26908832,150.195,8924.18632492766,13.29732812643442,307030.4315517962,0.093326817345
27186876,27186878,13.459,2791.7870478789127,3.75183334421028,19517.85130038673,0.008363032289
27186876,27186894,489.226,3081.469408825072,104.39218461783713,646215.0864389122,0.30399084884600003
26751312,263125693,91.016,1454.8585613843225,8.300351176850118,30804.63703703786,0.056554702936000005
447933658,26751312,407.03,1328.4540260740132,24.607419210588876,109297.34081566423,0.25291663813
26751298,263130724,1181.764,8017.948582426453,86.70180966765187,2004709.2171606396,0.734313878444
447933658,26751298,295.266,6339.452184088212,23.631886125175626,409148.016922896,0.183469729686
1962197237,26908819,584.058,7526.378881193736,39.1458967233726,906269.8271735611,0.362916703518
26751318,1962197237,184.085,1659.5612627115647,14.316411683022745,66008.21971639295,0.114385080535
26751290,26751291,143.689,1313.760356746618,12.179736284256162,42328.311048284224,0.089284177619
26751318,26751290,274.316,0.0,19.750752,0.0,0.17045200723599999
263125692,26751318,229.733,1659.5612627115647,24.007637829843354,96074.82025336845,0.142749423943
263125693,263125692,26.455,525.2901553383583,1.9484529556062,2943.921781732289,0.016438369805
26751257,26944215,234.178,1304.5376832410743,31.573070159919034,92019.87032652485,0.145511418038
263125693,26751257,328.79,929.568406045964,24.72480697877395,65214.28318228898,0.20430057109000002
26751271,26751300,217.468,1804.9009336485487,25.54665129952732,106963.12001371953,0.135128308628
26751273,26751271,25.537,732.1126280580862,1.997807197489626,4048.9400111207847,0.015867951227
26944215,26787037,331.512,2300.008576320861,63.62083347498656,301500.80013244844,0.205991942952
26751271,26751272,28.611,1404.612404502352,2.5371921925498198,9213.186442924742,0.017778045681000002
26751272,394582779,23.446,61.61068472629999,1.6881193282371239,303.77527012450605,0.014568664466000001
26751291,26751272,49.668,1313.760356746618,4.210086657756924,14631.339581639364,0.030862254828
27186874,26751271,450.06,2477.400710092816,92.31531874993709,463891.3148055438,0.27965423226
26751272,26751274,23.8,2656.762076522672,6.794365907471034,33378.32301017725,0.014788629800000001
26754229,4308915627,130.869,3352.917530672933,35.35790928680229,223093.86589743636,0.081318201399
26754288,26754229,227.181,1621.4957808587098,28.824091503659726,106076.68714369954,0.141163685151
26754227,27000363,517.991,1620.0540477502814,46.257539289922136,193078.75630495127,0.321864585661
27000363,26992494,1209.805,2942.758000064192,314.98656211891483,1764053.1800119097,0.751737742655
27000364,26754348,335.975,1476.10633432018,24.981582220647287,105402.0694466498,0.20876512172500003
28252024,28252023,16.53,1741.8336144993573,4.490860619163864,14694.911650751359,0.010271262630000002
27000364,26754229,583.737,1731.4217498142232,55.20563734840812,239867.40599239286,0.36271724342699996
26754348,26754288,25.47,1717.7075794163566,3.59400996665601,13639.430659324678,0.01582631937
303647840,303647835,12.03,0.0,0.8661599999999999,0.0,0.00747509313
303647835,59893230,433.791,1359.6701701994975,63.39335092786558,188864.550488552,0.269545147461
28252024,28252641,59.833,1067.2549978459997,4.924205239319394,14126.591495870838,0.037178491043
303647840,28252024,27.017,1734.483357177704,7.24947762844314,23712.360878062464,0.016787580307
30411612,28253982,228.733,1553.0043729460451,22.169908250890515,85500.68812038527,0.14212805294300002
2298251318,30411612,137.523,1553.0043729460451,27.254579947811557,86559.6779111785,0.085452804033
30411612,26755580,12.609,0.0,0.907848,0.0,0.007834866939
26755580,2281961672,139.105,1402.7859781907594,21.70019139046584,65710.83848767701,0.086435812955
3740694097,1837885781,1072.751,2247.659781435936,114.3580623794496,615408.7951093138,0.666576361621
26752896,26752895,12.528,0.0,0.9020159999999999,0.0,0.007784535888
1837885779,1837885781,10.591,3152.2651020226303,2.180350566083742,13928.765605590463,0.006580940261
1837885781,26752896,526.536,1864.366419023614,65.16863875543045,277629.2323796923,0.32717420085599996
26752896,26752898,265.271,1864.366419023614,32.832227941283755,139870.74787401682,0.16483170654100002
4363544518,1837885779,718.106,2331.3537208243183,80.46488938031342,441634.3291491192,0.446210243326
26752895,1837885779,526.296,1692.6570343631413,131.60905703508445,428989.34591407666,0.32702507181600005
26752897,26752895,259.157,1692.6570343631413,64.80651267355516,211241.567329135,0.16103264424699998
446257324,26753996,82.502,3352.917530672933,8.059113285919134,66886.61432046069,0.051264350242
271649075,26753996,789.34,3120.6193827174225,174.21164486413494,1082878.449957562,0.49047298514000004
26752897,26752898,13.061,0.0,0.9403920000000001,0.0,0.008115726631
26752898,28302161,294.865,1864.366419023614,98.50811101247345,321240.9288877347,0.183220559915
26754227,26754213,223.203,1500.5653349671422,25.054174472124128,88457.89668439562,0.138691871313
26754288,26754213,20.753,1987.280918841985,2.881161869677968,12699.869376667693,0.012895312363
4308915627,446257324,12.013,3352.917530672933,3.24564690081192,20478.69710187975,0.007464529823
446257324,26754227,166.48,3120.6193827174225,137.3162620844214,461440.5274090067,0.10344584408
2296386929,26785791,144.444,1705.248349113406,12.055877837293368,54835.72766961567,0.089753312724
26785790,2296386929,142.651,1866.7964230726384,47.851953327871705,156008.05866800016,0.08863919452100001
26790354,26800044,390.113,489.1744490199261,35.11507622119186,44088.813849064485,0.24240490492300001
26790354,26785751,724.533,1750.824242027503,61.39665874078222,284401.4594784198,0.45020379474300004
5754859578,28321262,757.443,1170.1709835082545,85.34321224786757,234688.59835094877,0.470653114353
26871231,28321262,2362.41,1058.9960965928142,234.545953706847,610789.8977699694,1.46793306411
4071928098,26759288,29.866,2467.0181514179944,3.650220101573862,20650.069026893747,0.018557866286
4071928098,1398767294,29.519,0.0,2.125368,0.0,0.018342250549
26759289,26759288,25.112,356.9867974537378,1.8169110103024502,1888.1157555939335,0.015603868552
26759291,26759289,28.233,998.0686203437892,2.640498401093676,6646.026399022195,0.017543167443
26759288,26759291,12.372,958.8410882288232,0.93559328672742,2536.3117171761296,0.007687602012
26759288,3056455792,116.02,1865.163860642908,38.81186486217292,126557.28373785412,0.07209146342
33484092,3056455792,440.312,1724.5269423001714,36.98238087448939,169536.85088398244,0.273597107752
26759289,1398767294,26.523,2591.48124076669,7.035395113284366,34503.62381759335,0.016480623033
26759291,26759326,35.362,1685.2994101852062,3.7683889313164802,15207.284289543048,0.021972921302
3056455792,26759291,115.69,1724.5269423001714,12.714152304085536,51949.42091026064,0.07188641099
28252025,26755591,12.302,0.0,0.885744,0.0,0.007644106042
26755591,303647827,260.978,1402.7859781907594,23.120647732431973,83887.84756679839,0.162164160838
2298251318,2281961672,12.294,0.0,0.885168,0.0,0.007639135074000001
2281961672,26755591,126.605,1402.7859781907594,19.75020833895207,59806.05087331398,0.078668675455
303647832,303647827,11.849,0.0,0.853128,0.0,0.007362624979
4308915682,26756605,141.123,285.42580092936527,10.162125864382944,8471.006884511564,0.087689739633
28252025,2298251318,126.675,1553.0043729460451,25.10470186724424,79731.73359655132,0.078712171425
303647832,28252025,261.479,1553.0043729460451,51.8204250210788,164580.0194915543,0.16247546770899998
26759191,26790354,1268.087,2239.9986910474317,134.58619909398666,722924.5219587003,0.787952487277
2296386929,26759191,2392.874,1866.7964230726384,296.8098336757439,1265339.9776174845,1.4868625102539998
4308915682,271649075,57.936,408.6367706332256,4.20643529160597,4991.883354147823,0.035999750256
26759197,26759191,20.995,909.4471612493052,1.8231933152458981,4331.567947215201,0.013045684145000002
28321262,26759197,1318.307,335.9034304044026,95.28217067355453,93235.46857798447,0.819157738897
1264863307,26759197,1476.864,2669.4800985279944,208.01382055499943,1227377.390299659,0.917680460544
1398767294,26759191,1143.136,2554.637726817179,148.31458881095742,854847.0619584351,0.710311559456
26759197,4071928098,1130.118,2467.0181514179944,138.1229304476815,781390.7020871595,0.702222551778
203590068,26759330,9.464,966.2959681659702,0.8603952158864101,2123.9269154014605,0.0058806551440000005
26759331,203590065,10.391,1375.2642153934742,0.907425487910694,3250.8863303133057,0.006456666061
26759330,26759331,22.693,0.0,2.72316,0.0,0.014100772103000002
26759330,26759335,98.15,966.2959681659702,8.923054780140713,22026.98930121024,0.06098756365000001
203590065,203590068,21.896,0.0,2.6275199999999996,0.0,0.013605539416
28382464,208775625,163.727,966.2959681659702,14.88481905234945,36743.89075210646,0.10173520971700001
26759335,26759331,95.255,1375.2642153934742,8.318430839277587,29801.094927725386,0.059188694605
28382464,26759335,312.699,1375.2642153934742,46.77918155169822,140203.6810071873,0.194302090329
26759657,26759659,70.668,1799.354914811781,6.092426766050658,28744.188134650696,0.043911045828000005
26759668,26759657,33.202,2374.490117294948,2.976671755267314,18176.170391279644,0.020630759942
208775625,28382464,161.558,1375.2642153934742,24.168772567642566,72437.15616666245,0.100387456018
26759657,333022140,1800.642,575.1352024831673,133.92002000473494,220119.30937339636,1.118866720182
248461409,26759661,300.317,1365.136806165531,26.09198701615828,93027.54710349467,0.186608274607
194539349,248461409,796.266,1365.136806165531,117.31985710497406,350263.6937311262,0.494776600686
26759659,248461409,319.473,832.5896799044456,23.659865026686,56454.00232725724,0.19851125748300003
26759659,26759661,62.183,1647.8343215723178,5.098778104452456,22631.12528205944,0.038638712893
26759325,26759326,42.594,0.0,3.066768,0.0,0.026466676374000003
26759297,26759299,36.83,1039.4706632724074,2.83600352805498,8240.297048115455,0.02288509393
26759325,26759289,60.165,1950.39941787664,5.512267995883897,27366.687961512143,0.037384786215
26759326,26759297,984.158,1685.2994101852062,243.077840807067,791674.4971174648,0.611527240618
26759299,437562983,43.063,320.46722125317154,3.110388475229148,2905.0125549031677,0.026758099373000003
26759303,26759299,114.892,0.0,8.272224,0.0,0.071390556932
26759297,437562983,45.786,645.8287469127985,6.061169613590112,8785.997017911075,0.028450092606
26759299,26759300,24.572,719.0034420192361,1.7973228250592759,3734.1853201593935,0.015268328212
26759300,26759303,108.449,1375.2642153934742,16.223766178018224,48624.872486155866,0.067387063579
203590065,26759300,153.965,1375.2642153934742,13.445459074792643,48168.868621565634,0.09566938601500001
437562983,203590068,98.456,966.2959681659702,8.950873983021228,22095.662339683702,0.061177703176000006
26759300,333022137,258.877,719.0034420192361,20.13994792266741,40222.479813562044,0.160858660367
26759303,26759325,1006.208,1950.39941787664,388.3025982554223,1249334.5955188992,0.625228471168
333022140,26759303,233.763,575.1352024831673,16.940532617037025,28331.100398596325,0.145253549073
333022140,333022137,15.637,0.0,1.125864,0.0,0.009716378327000001
333022137,26759659,1789.784,719.0034420192361,130.9140336613176,271991.90701026237,1.1121198738640001
26759729,26759730,13.34,1153.0796215811313,0.9924527245208821,3269.812599834237,0.00828908914
26759729,27559692,3794.447,1968.259247376087,517.2167259407504,2268193.243823437,2.3577593268370003
26759739,26759737,12.36,561.8449510911349,0.916637204339346,1474.584978745459,0.00768014556
26759737,26759741,131.363,379.5410867952546,9.51726695003136,10505.42931493123,0.081625158673
28472284,26759869,15.173,0.0,1.092456,0.0,0.009428062183
26759730,262091049,43.007,928.4470239287606,3.139830568244844,8434.36754775032,0.026723302597
28472284,26759729,449.208,1392.25038756672,57.71871025856165,181768.5225817926,0.279124824168
26759869,81398241,12.025,1313.637836528815,1.6987278369422338,4928.902456951365,0.007471986275
27559689,27559692,254.018,1406.7308744020108,22.551656166397166,81968.74707483806,0.157839418678
27559692,26785788,2175.771,1430.632755847909,169.01249560071756,672247.7305984788,1.3519610020410002
26759732,26759730,50.55,450.8627785552246,3.6485503551315297,4796.533377740868,0.03141030405
250055663,27559692,14.786,5.761938267579308,1.0645920000220919,17.91621778143749,0.009187591606
26759741,26759739,130.437,568.9626743320074,9.45003430449846,15637.395475238878,0.08104976912700002
33205352,26759741,812.927,568.9626743320074,60.378706970594294,98263.96861507928,0.505129262917
26759732,262091049,66.278,853.4797389601255,5.53488307051743,12596.463412592873,0.041183227138
250055663,26759732,3739.406,1304.34251751535,504.0251995873518,1468866.7122690363,2.323558445626
26759663,26759664,63.798,1558.6250195824268,5.103914296077217,21731.28116478211,0.039642227058
30784123,33205423,92.654,1454.3461081554233,8.44722655006363,31343.010236401504,0.057572508634
26759661,26759663,26.918,3012.971127737849,3.169978385450826,22139.901390454754,0.016726064578
26759663,30784123,731.904,1454.3461081554233,123.72545405611177,381518.37343668425,0.454783920384
30784131,26759664,715.622,1661.145669047011,74.87313058302993,299786.66155940044,0.444666757762
26759665,26759727,874.306,2627.2073342233757,119.42129210189894,698683.0934420205,0.543268393526
30784131,30784123,14.397,0.0,1.036584,0.0,0.008945878287000001
26759664,26759665,30.388,3219.770688629437,6.615741302987286,42576.73391051346,0.018882221948000003
