from,to,volume,TT,TSTT:,26115.721169058972
442874,26384674,1865.618339954953,0.6637040939592053
442928,1803689295,0.0,0.0264788571428571
26384674,264670999,694.0047610459461,0.47990323019728137
26384674,534589,1191.9849874614458,0.8184817370206249
1803689298,1803689295,0.0,0.0373765714285714
1803689295,139470345,0.0,0.5937951428571429
442936,15866840,886.5767468025807,0.3341397661971286
15866840,1803689315,1683.044995684912,0.6089031625869442
264670999,534589,751.1125176712872,0.3381722233039679
534589,534591,1943.0975051327325,0.40183048542482735
534591,534626,1902.8651895638527,0.709117780948087
8083440,534911,882.8460544631386,0.03998096905549142
534626,534624,0.0,0.0700416
534626,534625,1902.8651895638527,0.19433778607757887
534608,30409417,434.29796880254696,0.8588136319631625
30409417,30409422,324.74122562292087,0.019082524572113766
30409417,30403571,1586.7841479776303,0.24168543779385343
534625,30436908,1902.8651895638527,0.05192846976296038
534625,534624,0.0,0.0676355999999999
30436908,30436907,628.4004332348798,0.022007954321855688
30436908,534628,1274.4647563289734,0.4709811910315187
534628,534629,1809.3015122203376,0.26369696133338727
534629,3595409680,2594.2031520379264,0.8234606496685348
11769656,11388060175,804.4178945362368,0.19476445120549538
3595409680,3855350,1968.7170312071294,0.027747328495035698
3595409680,7128283652,625.550802943871,0.04519928096584142
3160432771,30409397,257.7219128805344,0.1514183435541826
30409405,30409419,1256.693239344849,0.7534112694212981
534736,140605768,994.0855268644127,0.11920264713573482
534306820,2021890013,1131.044282300572,0.19135815956053592
140605768,534324288,994.0855268644127,0.41476836998139127
534329195,2021890013,2093.831757045312,0.050287067546935744
534329195,534306820,994.0855268644127,0.25189881028637867
534742,534770,1401.3579445903572,0.6570802295614305
534770,29138173,2194.237403352471,0.16537245452172125
534743,534744,876.0453368912282,0.06495443575180407
534744,534747,2743.136889833305,0.3224972253050684
247994358,534742,0.0,0.054024
534747,277692998,23.205305615425836,0.01426440124616857
534747,2287846802,2719.9315842178785,0.4277571634946455
277692998,288154283,1473.530156951296,0.09433721923774495
2287846802,29510418,19.295578103525838,0.04288080065537554
2287846802,2287846804,2700.636006114352,0.3862493578852875
534749,25235133,2741.5125848399066,0.15498253181950594
534749,7095690293,481.53201631774147,1.0851203672131564
25235133,25235132,1398.9952999844563,0.035909809112890996
25235133,534751,1659.1373866881775,1.1950011632256756
7095690293,7095690318,1296.2511833265185,0.03371699153193551
534751,534754,1072.6887380473222,1.7142357920573186
29510455,25235132,1162.0410219889286,2.7888955436140703
534754,3098430373,1534.1360465084745,0.24624893575166915
3098430373,16574394,414.74618683354237,0.019676783124472966
3098430373,2260849842,1785.3119721344947,0.4309692391615782
534758,25873172,1532.7234084101349,0.08606192664552112
534758,2202559858,1349.862463929577,0.7392748413340094
25873172,25873173,2107.173385538861,0.10585486292955423
25873172,3100041009,796.8376557814953,0.22035547960555793
2202559858,25873172,1371.2876329102235,0.7457394620727971
534769,546378258,1918.6512936360255,1.011299688075294
534769,534770,792.8794587621169,0.0461025554366843
546378258,247994363,366.62851731242927,0.03395784913200165
546378258,290077155,814.9813858344593,0.2709839900449353
29138173,1775338888,112.13640716059957,0.08715895194865665
29138173,534773,2082.100996191873,1.3335222225150545
534773,2544089666,1795.9506844620885,0.09707691235529216
534773,335716508,1649.502099238511,0.47052254464646054
2544089666,2544089665,1283.6859800911654,0.06789314968488806
2544089666,16574602,512.2647043709237,0.026760307319918752
335716508,534799,1649.502099238511,0.5829656690493157
534774,534804,258.327870560137,0.14783717082258757
244038933,534778,511.4809709057216,0.08471310630205066
534804,18630111,2728.390568818395,0.6713643235865859
534804,16574613,228.3115045320787,0.048409196590722875
534778,244038915,858.1150745780482,0.024098386317874122
534778,30058360,1013.432604657527,0.2856916146321745
244038915,534787,1434.1961445498002,0.39978324552468514
244038915,244038942,541.4027235845017,0.019688383362760024
30058360,30056676,1406.5654459670493,1.6005251600213692
30058360,30056684,258.48311346748727,0.02168792978039269
534787,244038955,811.0619375948346,0.0528607986151556
534787,244038923,623.1342069549654,0.12799270831732268
244038955,244038925,368.38101258745667,0.0445232671777608
244038955,2072816,811.0619375948346,0.35221677775750443
244038923,244038955,368.38101258745667,0.15179958849822803
534790,30261537,770.9495457805626,0.04454102558853935
534790,30409389,1137.471444790451,0.044533113171691056
30261537,30409389,672.4741000335326,0.048697488333828386
30409389,30409397,1419.2173826631795,0.08752750883257625
30409389,3160432771,390.72816216080497,0.1783775987259482
534796,534790,770.9495457805626,0.05210239145513654
534796,3160432775,974.4204955020678,0.2066400823885392
3160432775,534790,1137.471444790451,0.22083687220881718
534799,1501721437,143.2345047281648,0.015987141886580108
534799,11769597,1573.812159323852,0.4429124345016856
1501721437,18630516,1297.2932466657915,0.013966369517866055
1501721437,2071676,1001.7082707887894,0.3566052558845701
11769597,3595409680,0.06468211307340394,0.021906
11769597,11769656,2161.9459962462556,0.9450559886319456
18630111,280008666,1504.3821076280126,0.0366950566158743
18630111,35711189,2025.7533242574139,1.7631480016851764
16574613,534773,1363.3517875087261,0.057100278881556714
16574613,16574619,562.813901505375,0.2119969351245843
534806,280008531,2710.7807038496117,0.3813333534179616
534806,2287864441,1429.471001176024,0.2550557481370068
280008531,18630070,1009.4255849281259,0.04390854480865979
280008531,31197353,1711.5125196394108,0.08398552269587323
2287864441,280221322,985.8391380103897,0.07724720965943664
2287864441,24969587,443.6318631656348,0.0421564671145061
24669567,976932104,249.09686487079028,0.09859542619562256
1854526402,27318980,489.01135659359346,0.03164686434204078
27318980,27318981,884.559427108794,0.05837551736548304
534908,534911,10.401543480302184,0.04509240029461563
534911,534914,893.247597943441,0.2905903445574642
3853544,15511907,598.328827662488,0.3530859144145694
534914,442936,96.77934906110987,0.40779789933561644
534914,15866840,796.468248882331,0.74085253703495
30409415,30409424,501.93382174643267,0.05008696762391716
536575,30409422,1126.6355970377726,0.24431178465179323
30403571,10919767,1602.3437349714889,0.556012084191955
30409422,30409424,923.6899741569838,0.016968550446724254
30409422,30409415,527.6868485037108,0.04847361322683438
536584,30587893,738.6676843364982,2.3428975636237834
30587893,1619208224,1268.066146896481,0.687965759374735
536652,25479302,1293.3988734890206,2.100058975127075
536652,18629762,1671.1846788337261,0.11179290848751222
25479302,18627237,1373.724232929205,2.4095674787110153
25479302,28796755,399.55194819008176,0.04413147427047398
18629762,264218470,955.1707752711557,0.22190942996415905
18629762,264223496,2355.4699257672455,0.19153478612145397
25599929,2526224454,643.6199865026892,0.08974201515211458
264218470,264223496,879.5542733883976,0.6959746278131098
3899207524,309517759,1087.9754132891671,0.018232896907169557
536663,21527849,3087.7180242183586,0.7197824167061927
536663,536667,1560.585679618843,4.055405695707439
21527849,2297622,1356.8356435958387,0.023511861484752608
21527849,21552197,2418.631325899357,0.33603675688050433
21647397,2297615,918.1619356919563,0.1435712837760177
21647058,1632149359,1167.543505264641,0.3060033999347051
536670,24945363,248.95753497588717,0.01516204067039052
536670,2075220,3479.999837120319,1.5743057858260514
24945363,21660961,2798.5858360013863,0.21098069319436233
2075220,25096430,3125.121107572441,0.85349966071066
2075220,3869392962,1061.3485800029787,2.195871665599867
344434421,10919786,1586.0694445427687,0.29714570020982856
1630023963,311941598,1550.4144143685146,0.5941320072563138
3100041009,25873173,865.0791483423434,0.2337661551106456
31296012,3148489413,209.33734138270697,0.11863431316388535
536675,3148489416,812.2733946839163,0.19037057908068564
3148489416,3148489413,1182.2005185974365,0.028676682718904268
3148489416,31296012,415.56783690138144,0.13207827015824963
248219433,248219482,137.24492144766586,0.37748906751317945
2071674,518252065,523.4116282995935,0.04119123845264204
518252065,29348253,523.4116282995935,0.2415762380988476
11769758,3853550,419.4475502229693,1.3679285047883798
534316145,518252065,0.0,0.0467051999999999
2071676,18178669,2406.694861253875,2.2389026380244967
18178669,534743,539.6033083117989,0.05570544667424685
18178669,534744,1867.091552942076,0.1189147144459108
7101166877,16574525,1224.7641559109575,0.46793367299913163
2287857538,5824956622,776.6457131083649,0.03437241511313842
2274921120,206133365,483.1934918894708,2.2276327918563674
2072802,30151417,1135.9253419877589,3.354289968429455
316507154,316507156,870.2895198429703,0.28823592709089263
30151417,30151418,1716.594714648046,0.1574919230179384
2072807,1485594848,387.8460328657025,0.010400518811217561
2072807,1485594778,643.0000956086856,0.09182003847694804
1485594848,159725096,115.55361457603597,0.021678957200855664
1485594848,11007703,396.5091222713425,0.44518046347568896
1485594778,1485594848,124.21670398167636,0.08389561730802686
2072816,244038925,798.7905751790518,0.39783686365074855
244038925,244038942,1167.1715877665094,0.2692736333438905
2075215,25755498,639.5119573430935,0.018936061871951477
2075215,2039066667,1698.5314965787747,3.780238922204483
25755498,25755497,1648.886407329763,0.05022637277244294
25755498,25755500,319.5401240892043,0.04648595780272532
2039066667,25755506,1937.535613054864,3.3309956420634514
25096430,25096432,1521.4992745666084,0.047781031538246005
25096430,10919799,2833.082759666482,0.7523125213287992
3869392962,25096430,1229.4609266606474,0.32030314368143614
21540856,21647397,866.6944759336949,0.11918372964270388
2297619,3790101104,687.7489452768374,4.00141900315254
3790101104,21552197,0.0,0.121308
3790101104,21527849,687.7489452768374,0.0886949734317149
2297622,21552199,1253.821839490062,0.04931608158568946
2297622,21527762,902.952854533537,0.07909307453464104
21552199,21552200,2494.4580600662766,0.9759944098970875
21527762,536663,3164.3368000226487,0.1568154082510064
21527762,3146686054,1033.3778455501845,0.2874316612137549
3411653,113794494,0.4559598398137867,0.07390680000000034
26165869,262185367,991.2049450518341,0.06455335196694624
113794494,15618026,0.4559598398137867,0.02356200000000011
113794494,26291274,1279.3771357371918,0.38031159861033786
3411658,15618078,726.6664332776586,0.16075647605416485
3411658,25622663,1653.6710878416131,0.19150504922684075
15618078,3030258471,726.6664332776586,0.8858763038291199
15618078,25622151,1342.5562094771458,0.0405015379185643
25622663,25622670,1653.6710878416131,0.810754115962146
15511907,2071674,497.88803852225516,2.1107994946899997
3853550,3564765835,431.22017538697156,0.40275968290212916
3855350,11769597,746.6231280045407,0.019973919908157244
3855350,1501721437,2155.7670127264173,0.6129373419189077
9100179,3137684026,131.05196094128155,0.5387346277645206
3137684031,3137684026,782.1182917652932,0.18055752065235536
3137684026,3137684031,1221.7578208025088,0.217126238790106
9100190,9982673425,153.60422286015458,0.047313896966026836
9982673432,2970916246,57.28954423215644,0.037584225977782
9982673425,9100190,36.50526712792355,0.04653244612526221
10919218,8224298741,743.1059912385462,0.015310211372169627
8224298741,346633166,0.0,0.0160716
8224298741,346633485,743.1059912385462,0.11390089728661343
10919223,11008027,1102.223193591046,0.5580273565375888
25740441,25740442,901.0236978101505,0.1184441216127807
11008027,2075215,1695.0433583131828,0.05566286112533778
11008027,11008006,124.21670398167636,0.2442178601932308
86684589,3121844724,432.90360111770394,0.054308550514092
10919237,10919235,0.0,0.0564791999999999
10919237,10919238,124.21670398167636,0.059245849334306086
10919238,10049596107,643.0000956086856,0.0728173068266184
10049596107,10919237,124.21670398167636,0.011596431739535727
3073762517,3877390797,14.849763738122789,0.029490000800413158
10919767,536575,1469.4186523500719,0.508277045979116
126667225,18178749,480.65925027332327,0.1153932198728821
126667225,31271217,9.954328060015165,0.03464760003750742
3151457278,18178797,646.029696776697,0.6270033725310434
2262218571,18178769,870.6475525477077,1.0306883521702448
3147805129,2262248282,1133.26797473692,0.07052566722775762
10919786,536663,1483.9669038145548,0.34222550728503315
10919786,3146686054,1093.7320406380998,0.018650610488296377
3146686054,21552195,628.8045264135445,0.013698603521196189
3146686054,21527733,1498.3053597747403,0.323898679376978
10919799,15613225,3379.2531984328484,0.5111063868632963
10919799,1952603929,640.0171494079453,1.115046631239462
15613225,1698611463,2872.900576842274,1.416244180751808
15613225,15613290,408.3824264002151,0.015645176963260177
1952603929,15613225,406.1581826529171,0.5427367704878421
10940911,773684928,3872.8588533414563,1.5453594145854987
773684928,4186859645,3872.8588533414563,0.4275575102943088
773684928,1758438692,0.0,0.6042705000000002
10941033,26910102,0.0,0.4315339999999999
10941033,10940911,0.0,0.1053424615384615
26910102,12262641,1.6346872894780997,0.013981000000000243
26910102,26910582,541.2375241249996,0.25763287400434687
3324432562,25621845,1170.7376281347617,0.876309440689233
11004892,3780365870,905.0480360121903,2.9433558283602355
3780365870,3879014011,1391.2668929280978,1.4099879452891728
7260653744,2272203032,1517.0498643290334,0.20880553596817708
11005259,1762496623,1108.875703938314,0.09918697634380984
1762496623,433065573,1786.7367951588442,0.9763069398587891
11005798,25600624,790.125046978256,3.2453816837259324
312068888,312068717,860.8333022538038,0.05194429392138005
11007218,95145062,1606.5979183954862,1.3403932051442653
95145062,159729140,674.6429676671411,0.019145488963822656
95145062,1670657170,944.1862068435022,4.31289811056686
11007703,344624368,598.6045627218466,1.1266425477893929
344624368,344625887,586.3733066066916,0.04354087647280657
344624368,99089590,12.231256115155363,0.032288400403359264
95145069,159725096,869.1928492913887,1.513535974115871
11008006,2075215,643.0000956086856,0.24355705381960957
11068788,828163530,418.00643756403207,0.013534262100329937
11068788,25621138,578.7475794498686,0.015655285070540856
828163530,4862265262,2699.291745583866,1.3904638586630524
25621138,773660261,8.886233599728863,0.016031000000243843
25621138,25621140,3835.8462743474006,0.5845248792511801
203786445,415524744,332.63875275563186,0.032413522201028895
2970916246,9982673432,156.88998485743147,0.04165888325160954
3183738525,11070793,0.0,0.0402972
2241122861,2241123813,1.7170652337241845,0.032426400000084926
81580487,81580494,385.0866388144014,0.07394056054423194
3137621725,28238725,1553.49998372753,0.6571967302718063
2078553223,85748936,12.749731082176165,0.06947800102473763
1587510067,3239504185,20.5525650233661,0.10234081019234699
9946740207,9946740209,703.5219236233587,0.06760202600333493
11768081,376974958,1854.0149149138542,0.2390996982554877
376974958,30788689,0.0,0.0408491999999999
376974958,288155029,1854.0149149138542,0.4985495882043173
11388060175,11769758,424.5762925700803,0.3731277232004226
11388060175,29348253,379.84160196615625,0.040879208052158035
3121547154,534324289,636.2629414788663,0.07314154465125261
12262630,26910582,562.089625496978,0.01394139532907312
12262630,12262641,1792.0297930354027,0.3148628168648603
26910582,26910090,278.20489140176676,0.014400210513848934
26910582,656211460,825.1222582202109,0.43037490949742013
12262641,12262886,653.2646938799705,0.013966204421588907
12262641,248219548,1734.1120925431046,0.9352847780819764
12262886,26910102,542.8722114144773,0.009235024860911038
12262886,839865307,907.0700719339134,0.026988512763278637
248219548,211626783,200.0630402470928,0.30132936955755907
248219548,248219582,1954.8911139456422,0.19379639310527938
839865307,10940911,4000.0741926065384,0.6700617646078038
12961684,784730663,1852.3280891040633,0.7533770148458002
64804962,33477280,14.372503015201838,0.9599244228627221
784730663,12961684,1465.845933456556,0.3861715169135794
15017262,1363071246,0.0,0.024981
15017262,15017430,0.0,1.5051419999999995
1065689955,1363071255,0.0,0.0356856
1698611463,25272054,5672.617313713753,1.5678513439433674
15613290,10919799,1186.1875881743126,0.02355951587545951
15613290,15613314,2647.5732383370346,0.453697872552344
15613314,15613331,997.5301312508484,0.07766688926405135
15613314,25096432,1650.0431070861857,0.14151368886257484
15613331,15613353,1016.1583502922886,0.49582214633062976
25096432,15613331,959.2558477314483,0.06857218490369925
25096432,24945369,2212.286533921345,0.20084119051376523
15613353,2338426490,1016.1571279656713,0.2449545106570461
15613353,26730552,0.0012223266176142281,0.0430824
2338426490,15613573,3754.1898026146728,0.247498225586581
26730552,3025700050,332.05019086238457,0.06120208246959163
15613573,1629974641,3501.5215651238136,1.4363480485412832
1629974641,15866451,1433.736686564144,0.632722952811293
1629974641,25269438,2067.7848785596675,0.6065914050989814
15614141,12262630,2146.4818555597913,1.274270019504286
15614141,10941037,0.0,0.1039786153846153
15618026,24973521,2017.372337788491,0.05457780602953295
15618026,282973002,1476.334940822886,1.1016371260446713
24973521,113794494,1279.3771357371918,0.014921297500418132
24973521,3411653,991.2049450518341,0.0852510525801246
282973002,24969633,1476.334940822886,0.05450626532512454
282973002,1516305879,0.0,0.0563148
3030258471,25622151,299.3813565775195,0.4176958966084873
25622151,26291114,1641.9375660546655,0.38936387758045543
15866433,25269437,3760.1101135735958,0.2797804645648493
15866433,15866451,521.784605842854,0.6409204176944434
25269437,25096273,5019.085873022188,1.6367449519950488
15866451,903673001,1955.5212924069976,1.7886796286369855
1803689315,1803689298,1174.3549117237694,0.049795596665767675
1803689315,442928,508.6900839611432,0.01907320649679442
16573458,3840043618,1633.3773756209346,0.578550894634597
16573467,16573472,1064.6481031741898,0.2998025215342974
3840043618,16573467,1295.8448179794525,0.5220675298027373
16573472,25622670,130.41467224191584,0.01947542111935166
16573472,16573581,1064.6481031741898,0.38065213456027097
25622670,16573458,1784.0857600835286,0.36077676843316747
16573581,15618078,1342.5562094771458,0.07135604956187781
16573581,25622663,0.0,0.1026023999999999
16573543,3846282157,648.807900055693,0.06987464300232937
3846282157,16573527,178.8243885429481,0.06942480364078621
3844764355,3844764341,87.84475992525608,0.07720698511667715
16574244,26165880,510.90150801173235,0.016319054777852733
16574244,3861801989,913.1803518736405,0.15024707145380808
26165880,262185376,1163.932061808762,0.8176669830792798
3861801989,26165886,1347.413902055309,0.047888597973771624
3861801989,2260731086,1911.0124216355039,4.845466255131245
16574394,29510455,1091.4922380344728,2.3591922947535684
16574394,7093468874,858.570045310073,0.08216571143378275
16574525,7101166877,1232.5857948092569,0.11765327756645338
16574602,2544089665,1414.6882226991706,0.04562004610617241
16574602,534774,511.4809709057216,0.11973099225203089
2544089665,534804,2698.3742027903363,0.09835838625435475
16574619,1775338888,1795.1567656659197,2.056406102328442
1775338888,357917181,1907.2931728265182,0.04753103439975502
21596886,1690044417,912.711958237115,0.12329765344355616
18178769,21684322,1836.0138069366526,1.0290887262626223
21684322,534758,1344.6430986937175,0.020586826079129913
21684322,25873175,1633.7657267836435,0.07860489414733295
25873183,2262218571,1190.7474744164608,0.4421539917157666
25873183,7193964013,1711.066523822879,0.15041375231559734
18178797,534749,522.4085950432966,0.011345220530771945
18178797,2287846803,2107.097513292697,0.6561647169674857
2287846803,29510418,2107.097513292697,0.07955398612969736
2287846803,2287846804,0.0,0.0224927999999999
18178969,11768081,0.0,0.0432732
18178969,534329196,1431.0016563240795,0.8570028209690832
534329196,534329195,917.4622248998542,0.016160120633530697
534329196,21566459,1884.4005558562535,2.8657518582932364
18627237,18627247,1421.232125770392,0.0728825406639275
18627247,33477280,1465.8571882001902,0.047405787876760565
18627247,12961684,644.7610331870037,1.0617177811325311
33477280,28796755,1480.229691215392,2.8051942865121084
297481606,3057282550,300.57679172382484,1.755266256916657
3057282550,33477164,178.05886690636564,1.2291532521490558
264223496,534806,2186.2184039764397,1.2548901197533575
264223496,35711189,848.6504956043161,0.03752019971034631
18630070,31197353,1667.8456904712548,0.04257623509251304
18630070,7095690304,602.7214243013386,7.367008623698306
31197353,280008754,449.16116146809844,0.03691009429772693
31197353,18630098,2930.1970486425694,0.2340126377163822
7095690304,7095690344,11.183489501068435,0.014737200128672455
7095690304,3952754484,1055.54903757588,0.25110415067150266
18630098,280008754,355.98983210322,0.02598633337625248
18630098,3808565717,2930.1970486425694,0.7150992563133938
280008754,280008666,3.406130504286324,0.03862560000057322
280008754,18630111,801.7448630670322,0.031111365945764233
3808565717,16574619,1232.3428641605447,0.3891240172983927
3808565717,16574613,1697.8541844820215,0.18970351926163648
280008666,280008531,10.15740071792526,0.03398520003988562
280008666,534806,1497.6308374143744,0.042186232855498176
35711189,244038931,608.8653090537551,2.034569980438413
35711189,536652,2265.5385108079745,0.1814903314094027
18630516,534799,1.578855501963356,0.016908000000011584
18630516,335716505,1297.2932466657915,0.5273294725981701
335716505,335716508,0.0,0.0106392
335716505,16574602,1413.9044892339687,0.2581186008665002
18631911,18631929,34.84022969384112,0.03036002496819105
18631929,1853296305,0.0,0.0079452
18631929,2628479841,34.84022969384112,0.021930018035323774
1853296305,1853296309,9.277502115620218,0.02792160011545838
2628479841,1853296305,9.277502115620218,0.022844400094463774
21271513,25272050,4246.884377221093,0.24361476222426512
21271513,442828572,1119.5249007497928,0.15433538352258774
25272050,25272065,4987.852333842065,1.4626127503219388
442828572,25272050,740.9679566209735,0.18700646562279166
21527686,21527743,673.4173337472218,0.015264027152109361
21527686,21552190,2243.528091238299,0.6137478808490804
21527743,209128004,2153.7132706462553,3.8123825031586454
21552190,21597988,3408.1756646244444,0.28284556617014345
21527733,1620726747,1711.066523822879,0.23382313903182025
1620726747,1620726770,654.5946921486847,0.06349762112599648
1620726747,21552195,1056.4718316741944,0.08035080220952187
7193964013,25873183,1498.3053597747403,0.10400333134997247
209128004,21552198,2040.5752710039765,0.22351446308782513
21527766,299844554,1200.330548076321,0.5588260904834204
21596461,21568117,1723.2402337771994,0.8480516735771939
21552197,209128661,2418.631325899357,0.6080517846544606
2272203032,7260653744,2036.5659797233352,0.3801696410106702
1150742708,27279384,1521.2329608673374,0.16743946123271186
1150742708,24969757,12.110677701853893,0.07013880045457571
21540513,21540519,0.0,0.1335732
21540519,209128004,0.0,0.1894259999999999
21540517,21540519,0.0,0.0395544
21540517,1229568988,0.0,0.1387008
21552187,21552188,763.6534454025054,0.5149069414172408
21552188,21552190,1164.6475733861462,0.026851005216519935
21552188,21527743,1480.2959368990332,0.582062108514009
21597988,21597987,45.4928436727228,0.01796762318657085
21597988,248219490,3362.682820951723,2.9917325904827488
21552195,10919786,1056.4718316741944,0.013404453344816537
21552195,1620726770,628.8045264135445,0.039388197081171986
1620726770,344434421,1283.39921856223,0.3154293704654265
209128661,21540517,0.0,0.2360316
209128661,21527686,2418.631325899357,2.0297589893390877
21552198,21552199,1240.636220576216,0.06614038294347035
21552198,2297622,799.9390504277593,0.047719314743039254
21552200,21527766,919.1243985266702,0.7489876091823688
21552200,21566429,1753.2621323684227,1.9416072667308695
21566429,534329195,2389.0131084426225,1.7692160937764407
21566459,126667225,29.73455716522545,0.860777187004237
21566459,21568117,1854.665998691028,3.1693900932823404
21568117,21527762,3577.9062324682286,0.3720975548198739
311494772,7091784429,1014.8472981933486,0.04127568930887611
1690044417,126667225,690.1710871159362,0.033707418140147445
1690044417,31271217,222.5408711211786,0.039229005355811225
21597987,21597992,828.559081772124,0.5776332179965834
21597987,21552188,1881.2900648826735,0.04962411803386605
21597992,21552187,0.0,0.0358716
21597992,3148489417,828.559081772124,2.2272487785922093
248219490,248219434,0.05471035980999257,0.3616189999999999
248219490,221995898,3362.628110591913,1.3274403266239823
3148489417,3148489416,785.4949608149014,0.026664071243619285
3148489417,536675,606.4473795800391,0.2517037262180067
316299769,316299777,400.0121163257893,0.029489082436158935
21647047,21647107,1041.6665005231348,1.0447593640315669
21647107,1632149360,534.4589539719719,0.3827402768834462
21647051,271287016,645.2805580376678,0.05134069024155627
21647051,278451621,2113.351678445147,0.27578499293902775
271287016,141678998,979.707835834276,0.06211252277215657
278451621,21647047,3.626341300239294,0.06185880000322293
278451621,1632149375,2109.7253371449087,0.4115057181386316
1632149359,1632149349,2640.86113744014,1.9105933666492856
1632149359,1632149367,1155.6250557375247,0.033396208826056824
1632149360,1632149359,2628.9426879130247,0.18130941438380327
1632149360,21647057,32.34280940425503,0.25320728347590415
21647146,25269444,1337.672736448711,0.9243612140754814
25269444,25269438,78.69697700012249,0.44581866768084316
25269444,25269437,1258.9757594485893,0.686003733797287
21660961,78454176,39.953599518571515,0.014941221250561057
21660961,21647051,2758.6322364828156,3.577369346804536
78454176,536670,2799.885637861666,0.20097054949338228
78454176,1636482042,480.98503756676394,2.47180812536508
25873175,534758,1537.9427736459947,0.0675849592060667
976932104,940312649,249.09686487079028,0.03294577186425203
24945369,2075220,706.4698504550996,0.019734041311267336
24945369,24945363,2549.6283010255015,0.7377312713031533
24953131,536670,929.0717342345383,1.7657743575045342
1636482042,3025631931,480.98503756676394,0.3222931753566189
3998373587,25622934,303.2139069576443,0.10111642685276986
24953181,10919797,562.8178348948768,0.10029309084138317
24953550,29510428,487.9814349909787,0.10551879033562567
288154942,288154914,1.9766714828117236,0.04004880000006741
29510428,7117637080,1974.2316602647727,1.866749145546802
24969587,309467020,0.0,0.0193595999999999
24969587,280221322,443.6318631656348,0.03524131667125122
309467020,24969591,0.0,0.0395807999999999
280221322,2526224456,1429.471001176024,1.6862236133627575
24969591,2090038527,1261.1415298444674,0.020485826018366154
24969591,24969686,0.0,0.0347364
2090038527,1833913224,963.0960830975544,0.05422412232964381
2090038527,24969672,298.0454467469135,0.03574036797913767
24969610,24969615,0.0,0.0275772
24969610,301388728,955.2489844610017,0.04700801528352192
24969615,4030574404,1015.0847094918614,0.18360494678728922
24969615,24969629,1084.858109716915,0.05525711352147259
301388728,24969615,1377.7774124370007,0.08770247145880745
4030574404,24969629,21.20388377045508,0.1198008072961792
24969629,24973521,695.9862068603064,1.0077704765330318
24969629,24969633,410.07578662706476,0.040558862687437476
24969633,24969610,955.2489844610017,0.048565197940637794
24969633,24969615,722.1654067717762,0.04335115173437698
24969633,1516305879,0.0,0.03579
24969672,1833913224,298.0454467469135,0.018378375543669206
1833913224,8831991756,1261.1415298444674,0.013321042684231534
24969678,2569452639,0.0,0.01791
24969678,18630070,1261.1415298444674,0.2964363626270597
2569452639,309467020,0.0,0.0384408
2569452639,24969587,0.0,0.031908
24969731,439989272,824.4586480749872,0.11391851032922853
439989272,1150742708,353.39582285715545,0.11055588936749394
439989272,27279384,471.0628252178318,0.10251945010357827
24969757,4030574419,19.114908921419058,0.20722080833482312
4030574419,4030574417,12.840360008617639,0.0587100004808338
4030574419,24969731,6.274548912801422,0.0635160000296611
25433992,1703242714,1519.4562696429207,0.040524225745114606
311651883,2572637252,1069.3896295136797,0.2731018509775759
25096273,1698611463,2799.7167368714795,1.1656808291827072
25096273,151013228,2219.3691361507067,0.18439158979384176
151013228,151013145,711.7614266968708,0.29601053008286893
151013228,15613290,1507.607709453836,0.5966581525526374
25235132,18178797,1983.4764115592961,0.05304292363048107
25235132,3151457278,577.5599104140894,0.26302856409252884
25269438,60395691,2146.4818555597913,1.4131892362303697
60395691,1758438692,0.0,0.6080664
60395691,773684938,2146.4818555597913,0.6300272523439355
25272045,15613290,1917.7706906572953,0.26908902167676074
25272045,26730552,332.0489685357669,0.4275868644359437
25272065,25272045,2249.8196591930628,0.21418299761315807
25272065,2338426490,2738.0326746490014,0.40498615126095183
25272054,27254446,3605.691149228407,0.33951876421612653
25272054,27598015,2066.9261644853464,0.49473241990893546
27254446,2414808767,3762.5317149129255,0.8514558936908453
25272057,2454004902,704.0716580716593,0.6750734578555513
25272081,15613573,0.0,0.4318284
25272081,151013145,332.05019086238457,0.17290814562291215
151013145,24945369,1043.8116175592552,0.23092313373518691
1703242714,1150742708,1556.1572037579142,2.23138715761091
28796755,18629762,1639.456022204675,1.3040032381396753
28796755,25479302,479.87730763026497,0.04743677845446454
25599928,25599929,743.4948529214728,0.16547113823208467
2526224454,2526224463,526.3729422108127,0.034979946503108116
2572637252,311651883,1339.3465474820084,0.40148646057884896
10584342336,2526224463,734.768587633655,0.0486410649669171
2628479858,18631911,34.84022969384112,0.024217219916326523
246859505,246859538,574.1368990853408,0.0344184818907753
25621131,824105653,0.0,0.6290448000000001
824105653,1147969960,0.0,0.217469
824105653,824109954,0.0,0.0969642
773660261,11068788,424.64714208710456,0.005692048313116584
773660261,773660264,0.0,0.025158
25621140,25621145,3064.84480678138,0.017093362958582225
25621140,29812910,386.3496339382554,1.2155584500562429
25621145,31347711,415.7609084873759,0.007315735806094455
25621145,2453232134,3025.9088359503435,0.03251185980866014
29812910,3912609301,481.73092825450965,1.9440121174454381
31347711,25621140,0.0,0.0136148571428571
31347711,2453232137,415.7609084873759,0.011249223002177334
2453232134,824109954,3359.036432272611,1.4868222079560598
25621845,1586186718,2016.3472196416953,0.04606590093190055
1586186718,1586186709,226.31798754803194,0.01510072628291621
1586186718,4862265259,1235.9916475345929,0.7570442578366795
25621848,11004892,990.262135946907,3.6558969719609697
26291114,4107043742,1641.9375660546655,0.1808204454985524
26291114,2258457803,0.0,0.0348528
25622934,3844764334,535.3891937640352,0.3278615738409551
3844764334,3020440809,747.400995746401,1.2618489289446104
529723416,3861801996,824.3670501702645,0.0708586150521895
25694685,3866868163,1079.235260225,0.3432482531712175
3866868163,3866701865,1458.8058709095392,0.312152655677775
25694759,1115569637,233.75112865453818,0.030197837600012826
364757216,30332565,412.44130303161097,0.04219914133876806
1115569637,4516060826,842.3819795675885,0.04821188798896775
3842071988,1115569637,521.2734017683141,0.7959336778284121
3859885311,3859855174,0.0,0.0433727999999999
25740442,10919223,585.8405760281752,0.11710677417295699
25755497,11008027,717.0368687038133,0.01981185550542602
25755497,25740441,1447.9997889888893,0.5823327877025042
25755500,10919218,693.2977218028454,0.40413936414473656
25755506,25755507,1937.535613054864,0.7395934612275356
25755507,25755500,373.7575977136416,0.08212924966126249
25755507,25755498,1563.7780153412214,0.17130736934599555
25873173,25873183,1829.857515340499,1.0090013531084265
25873173,21684322,1142.3950185407084,0.041481233457383984
25935156,26164161,1905.8956361739793,0.42961807698859494
26164161,779052658,572.3117344854234,0.01474225869165007
26164161,440369967,1546.268731064801,0.222690185050964
25949480,31314454,3303.0298968263864,2.5007459817700135
31314454,317611132,1866.3901197384973,0.1238098224062026
31314454,317611131,1243.4949806620114,0.09955376336839439
3840142105,1785077919,162.93255756264605,0.04855549239158912
25950253,26164148,1030.6050180454254,0.42948618872208943
25950253,25935156,10.825605969428203,0.9102255000305082
26164148,26164147,2647.1719167120855,0.3113549312239583
26164147,317611131,651.9232991850547,0.021221750502532707
26164147,25949480,1995.2486175270294,1.606330891535917
317611131,25935156,1895.0700302045504,0.057854618087118274
317611131,317611132,0.3482496425155175,0.0848329999999999
779052658,773669977,1216.0685793650066,0.01754763359252004
779052658,773669974,361.57311779672887,0.02970603899713695
440369967,440369970,1457.8358515305429,0.07512019505040042
262185367,3137721924,1257.934257299949,0.2319292913050102
262185367,262185372,896.746789720834,0.01823948623133427
262185376,26165869,0.4559598398137867,0.049399200000000226
262185376,262185367,1163.47610196895,0.024088776682849162
26165886,26291274,1459.3487396971484,0.02896519133906468
26165886,15618026,927.4604381356083,0.9773372688271015
26291274,3861801989,2085.695321637311,0.11705379321398007
26291274,26165880,653.0305537970304,0.13892234133803247
4107043742,2503004249,1641.9375660546655,0.31584412939640844
4107043742,2258457803,0.0,0.0300252
2258457803,3840988369,0.0,0.0125303999999999
3025700050,25272081,332.05019086238457,0.17075339854374413
26910090,12262630,207.63756297259076,0.010113786547978973
26910090,839866856,278.20489140176676,0.02768040465439851
839866856,10941037,0.0,0.4510500000000001
656211460,3688082991,0.0,0.0120814285714285
6207267154,6207267170,706.4041794461373,0.04020168665186761
258315627,258315633,306.99461211204164,0.08781637537889957
3907572085,3907447115,2349.4598033619322,1.6069898643541596
6207267153,6207267162,645.6217778070476,0.02509447248519783
2414808767,25950253,1013.8931563757881,0.20927129335079817
2414808767,440337754,2871.0018238139664,0.8336962062449493
27254447,442838541,16.537168953722794,0.013264800002421053
442838541,27254446,156.8405656845153,0.1701344512374385
335688683,442838541,140.30339673079246,0.02199122079604763
27598012,151083532,0.12721007007916973,0.0176226
3907571845,4533984370,1416.566037584504,0.3548285831305498
27279384,25433992,1992.2957860851695,0.19589152946954536
277060338,257756770,93.34021736664482,0.03926086332819977
27410733,27252028,0.0,0.051522
292884983,292884981,322.9390568953295,0.05191445886153644
3879014012,33325660,1178.136802171667,0.0621079890225719
257756769,277060367,0.0,0.0464975999999999
27413455,668019917,0.0,0.325644
909453442,3516471210,0.0,0.039133
151083532,442828559,740.9679566209735,0.03202874384488906
442832879,151083532,1309.2428745992927,0.02607805742268382
28238725,2986258962,551.251955402742,0.04444742139294922
28238725,3899207524,1002.2480283247868,0.14138291383507745
2986258962,3137621725,1257.2560319614913,3.5504433346013635
28796744,206127721,704.0978374462455,0.06763996855308683
30151418,28796761,1194.5227978162573,0.4277028306316431
206127721,2274921120,601.2866585801542,3.7491223741975124
206127721,30151417,580.6693726602861,0.03187179497509347
28796761,18627247,761.7793303060517,2.271799308802493
28796761,28796744,270.9602459110719,0.21373749037696121
29348250,534625,0.0,0.0218808
29348250,8083440,882.8460544631386,0.7495956487416138
29348253,252007120,368.41647437438604,0.28006752486577
29348253,534628,534.8367558913637,0.025285142193787444
252007120,30436907,368.41647437438604,0.054363399028276374
252007120,295686008,0.0,0.0491364
29401767,2259858942,0.0,0.0153699999999999
29510418,95789943,1450.32485133587,0.06378651607329104
29510418,95789730,616.0202704896199,0.04295941864199096
95789943,277692998,1450.32485133587,0.7488952450442978
95789730,95789943,0.0,0.0479616
7117637080,2849823382,1605.8959324570212,0.19072495882969234
29812911,2453232140,709.9525339786051,0.8442069889347578
3912609301,3912609299,801.750937950394,4.522076206842863
2453232140,2453232134,333.1275963222677,0.038326580401992515
2453232140,25621145,376.8249376563373,0.029187092571500917
30056676,18630516,1.578855501963356,0.23157600000253853
30056676,2071676,1404.9865904650856,0.28149289471028816
30056684,30058362,996.5758341759444,0.02408546783120037
30056684,30058364,867.803211748564,0.821872819897087
30058362,30058361,1129.4346965276209,0.025726503549545497
30058362,7117637008,525.2974885639613,0.03181791500762826
30058364,30058362,658.156350915636,0.22336146900449017
30058361,30058360,651.61595477701,0.02340332141271901
30058361,244038915,1117.4837935562537,0.31320392000260666
7117637008,30058361,616.9997336430868,0.03139945647012373
7128283652,3855350,933.6731095238276,0.05349943836179639
3020440809,444059536,769.9371859418509,0.9282309934282885
30332565,3612398319,157.93415355987133,0.02723145334551998
3612398319,2610458800,206.09470504569828,0.3826246840251607
30404993,30409387,1487.6481284020972,0.8844712606871588
30409387,534796,1745.3700412826304,0.13572830561334906
30405010,2970538973,996.0212062173727,0.6210973801249137
2970538973,1458120323,2277.9815442064946,0.8530457778015427
30409397,30409387,257.7219128805344,0.03077404955045582
30409397,30409405,1419.2173826631795,0.7897236286079548
30409419,30409417,1477.2274047980036,0.04236684190361773
30409419,30436919,382.65462006992857,0.8418383829382238
30409424,30409419,647.4817725152506,0.022781674575301673
30409424,30404993,778.1420233881669,0.7442663391254358
30436907,29348250,369.8020004352894,0.020547881047963807
30436907,295686008,627.0149071739768,0.061295800649944165
295686008,534316143,627.0149071739768,0.21295100796210537
1619208224,18627204,790.2079531022857,1.6553525416964123
31350685,31350684,158.3252997023307,0.10743430839989568
10712397266,10712397264,639.1430823622229,0.047222119426007965
30788689,18178969,1431.0016563240795,0.19381808755797714
1942977739,497259722,0.0,0.0326688
74069309,2072807,567.5219491457718,0.2578162378403491
31350684,31350685,182.46125288500195,0.10316354267754564
31271217,21566429,232.49519918119378,0.367973702931732
31272925,246859505,570.7983554447703,0.045265164087154315
3148489413,21552187,763.6534454025054,1.7147422272129897
3148489413,3148489417,563.3832586228173,0.030764211184582724
317611132,440337754,1866.7383693810139,0.26362341753654894
3879014011,33325660,998.2487861918763,0.03349088968788469
2453232137,2246314929,415.7609084873759,0.18861625617394923
31353295,31353296,38.490614103516826,0.03646442411362748
31353296,81580487,38.490614103516826,0.061788040859929436
9976058363,9976058359,889.3532568439337,0.04843484208899406
296239234,6697990,0.0,0.026004
33325660,1514362559,1749.1864759043012,1.2970510613280466
1514362559,25621848,1177.1965981438855,0.07183285032366644
1514362559,3979445014,100.88625232579535,0.05258004008014382
244038931,534778,1360.0667083298536,0.03199392699068589
244038931,244038933,258.327870560137,0.08703622103458353
1758438692,150577963,0.0,1.2335300000000002
773684938,15614141,2146.4818555597913,2.02014292962091
159733475,2072802,457.65200170619744,2.0904376607250112
159733475,206133365,854.864427165195,0.013236643664843067
81580494,31353295,271.22139279025663,0.060796272981050364
81580688,3193824078,0.0,0.0380892
250923558,32547462,250.74376785797728,2.321869666778399
84465051,84465051,0.0,0.092305
3193824080,81580688,17.818791068008647,0.03783000212868087
85748936,11305234,3.381098662765498,0.03333960000243194
85807521,3498130773,0.0,0.574328
1054691691,1363071255,0.0,0.0535811999999999
3121844724,560450644,498.3686174984706,0.053590205238244315
3121844724,10919230,0.0,0.0474588
159729140,99089590,1324.193325635605,0.046319831348237125
159729140,95145069,688.5075610862016,1.6643667064554666
1670657170,60577293,788.3600439910563,0.044682251898198334
1670657170,159733475,155.82616285244546,0.047805727504200306
10712397264,10712397266,663.8203942222423,0.047887935815180444
159725096,74069309,521.4222845388078,0.12638677861050704
159725096,2072807,463.3241793286169,0.021881644053639838
290077166,290077168,616.0202704896199,0.024888180788731253
99089590,95145062,12.231256115155363,0.01867680023331786
99089590,344625887,1324.193325635605,0.09229090314723315
344625887,11007218,1910.566632242297,2.0412208951053623
1211691752,3074985402,14.81201637501185,0.12398280333103694
133281288,316299769,862.1064362765463,0.04708703999455746
140603409,140605768,0.0,0.070882
140603409,534736,1131.044282300572,0.14218929519348056
534324288,534324289,443.2085034630756,0.05228282191263633
534324288,3121547154,550.8770234013374,0.07256088866615258
141678998,78454176,3240.9170759098597,5.243268104389872
442828559,27254448,1119.5249007497928,0.051585798373717406
206133365,159729140,1338.0579190546655,1.5838977226071043
248219543,248219560,396.37245071237476,0.03409463989408663
271246517,271246516,0.0,0.0261563999999999
221995898,248219540,1093.9214533975703,0.43027030598784594
221995898,248219546,2268.7066571943437,0.6942634402616279
248219540,248219546,1620.9750529467005,0.2742510399550146
248219546,839864966,3889.6817101410447,1.1299926728028757
244038942,244038931,1009.5292698362349,0.026385203746251584
244038942,536652,699.0450415147748,2.636880632621798
247994363,534742,1401.3579445903572,0.061632438322937536
247994363,247994358,336.4420285794292,0.043595098113148455
248219482,21597987,2290.6784426675067,2.7301340254008877
1657949311,248219560,3.717038717075692,0.04886520000017564
248219560,248219582,400.08948942945045,0.22509555257413927
839864966,839865307,3093.0041206726246,0.051655848891692724
839864966,12262886,796.6775894684207,0.024924786593418582
248219582,1626653378,2354.980603375095,0.6580010020907068
1626653378,248219482,2354.980603375095,0.6331227451162093
797425334,1458180457,989.0431708157571,0.04392978356343033
255886139,1458120226,1268.505457157718,0.4659378183603146
1458120226,1458180620,2621.7804319523943,3.3551571664449162
3137721924,262185372,1027.7891105177857,0.5774155927559161
262185372,262185374,653.114388126827,0.020289013900726856
262185372,3840988371,1271.4215121117911,0.04007302214479399
262185374,262185376,0.0,0.014208
262185374,16574244,653.114388126827,0.1993439988401248
3840988371,262185374,0.0,0.0280248
392656728,3516121147,21.397940170733296,0.04499160526478435
271246516,271246517,0.0,0.0674892
288154283,29510428,1468.392181016815,0.1302566974905647
288154283,24953550,5.137975934480819,0.10142280012468667
1632149375,21647047,1038.0401592228957,0.04247373680246119
1632149375,1632149360,2325.5579717528326,0.11548449586618599
2526224456,3930292765,846.7743464558721,0.035640604044961624
2526224456,25599928,582.6966547201522,0.04741354255361052
280221394,24969686,0.0,0.0610823999999999
280221394,24969591,1261.1415298444674,0.07330111054156305
288154914,247994363,1371.1714558573572,0.279083812687846
288155029,288154914,1369.1947843745454,0.05140472984962569
288155029,288154942,484.8201305393096,0.04397867075245132
290077155,290077168,814.9813858344593,0.03719985210031538
290077155,290077166,0.0,0.0298368
290077168,30788689,1431.0016563240795,0.2738280802664833
3912609284,3324432576,848.9845625046567,0.08056619307542506
534316143,29348250,521.2341416662201,0.2767176778367609
2626739932,6697990,743.1059912385462,0.0359807552737532
297497348,297497356,1.8775509399463637,0.07034160000026338
297497348,2970916284,673.3129774550245,0.08872482262565425
2970916284,2970916275,601.4417647530178,0.08819586365703036
3147881709,11329253725,9.921181500089467,0.15004080043796256
3147881709,21596461,1823.5285133115267,0.8384545783323564
309517759,2233985754,280.1496546422306,0.07060270921253599
309517759,2986258962,807.8257586469357,0.08099427416370171
7091784429,3147881709,853.9650215151346,0.16285403752226332
7091784429,11329253725,915.874472248831,0.021178560913395168
311941598,1632149367,2359.456978168881,0.4192352763074178
1632149367,1632149375,1253.8727938308189,0.03999604482464264
1632149367,141678998,2261.2092400755846,1.777831336018912
316507156,316507154,621.9818943552582,0.27886384797514685
752186307,3884698667,17.50037698960701,0.0382788010817378
440337754,440337822,4701.620761949575,0.7279259969418795
346633166,2482228323,516.1502503629382,0.01553524295500039
346633166,2482228310,4.246180702909502,0.1521840000276136
2482228323,10919218,49.808269435700026,0.015255652407854045
2482228323,25755497,516.1502503629382,0.45308108880257125
2482228310,2482228323,49.808269435700026,0.14364049344923538
346633485,346633166,520.3964310658478,0.10892802890960566
357917181,3506480443,413.12018117809924,0.0713096038206174
357917181,534769,1494.1729916484192,0.18075144477760827
3506480443,534769,1217.3577607497202,0.11128760473710227
433065573,2970751883,1449.0532177416649,0.31228082036171906
433065573,30405010,575.9049549538975,0.027035670441445628
2970751883,433065575,553.4318166362933,0.022384758644560087
2970751883,3160483032,895.6214011053705,0.16240426753591464
2970916275,2970916280,363.2203872163003,0.041946415654822336
433065575,255886139,553.4318166362933,0.026086251800701683
433065575,30405010,420.1162512634744,0.22711417278947416
440337822,25621090,0.0,1.7218399999999998
440337822,2453207682,3557.4638410182915,0.31085411736925866
2453207682,25272057,704.0716580716593,0.0968170253748525
2453207682,828163535,2853.3921829466303,0.7377743666555958
440348653,21271513,4326.2342362674635,0.66976996020653
440369970,773669974,452.5058888542318,0.05563529196226958
440369970,779052658,1005.329962676312,0.05887890357098895
773669974,440348653,814.0790066509605,0.35532964471623535
444059536,3998373587,737.8034709440443,0.106039349021182
444059536,25622934,232.1752868063906,0.10904538175568745
461740603,198189803,22.476881655865583,0.03964080564739181
497259722,497259745,0.0,0.0292236
497259745,2001551742,0.0,0.030149
497259745,2208582202,0.0,0.013044
2001551742,2208582202,0.0,0.0317519999999999
2208582202,497259755,0.0,0.021228
497259755,497259722,0.0,0.0122015999999999
497259755,1942977739,0.0,0.0340608
2021890013,534329196,1370.8611244320307,0.02738866017268994
2021890013,11768081,1854.0149149138542,1.008657295516269
534324289,140603409,1079.4714449419414,0.45148085593253395
3688082991,1277308096,0.0,0.0082122857142857
3688082991,3688082989,0.0,0.0577637142857142
1798264163,3516471196,0.0,0.0256345714285714
715865371,839866356,0.0,0.364110857142857
839866356,839866856,0.014268370295899002,0.0478199999999999
839866356,26910090,207.63756297259076,0.03044080859193796
715865377,1277308096,0.0,0.0294171428571428
715865377,715865371,0.0,0.0404545714285714
1277308096,656211460,0.0,0.0108248571428571
1277308096,715865371,0.0,0.0259062857142857
773660264,25272057,0.0,0.185849
773669977,26164148,1616.5668986666585,0.3309190521686102
773669977,26164161,69.48907109477992,0.014557200828329269
773684897,773684938,0.0,0.29270775
773684897,4186859645,0.0,0.33014
4186859645,15866433,3573.916961376813,1.8452772613910644
1458180457,3907572085,2376.1021866918545,0.455114418154658
1147969960,2453232137,0.0,0.0177265714285714
1147969960,31347711,0.0,0.0138574285714285
824109954,824109969,3807.201038755369,1.7820249211838333
824109969,773669977,469.9873903964315,0.3232024015697804
824109969,440348653,3337.2136483589356,0.13368548823956036
4862265262,1586186709,1480.499551467938,0.7577238930578053
828163535,828163530,2281.285308019833,0.027677993717156624
828163535,11068788,572.1068749267961,0.021810700643615902
903648589,4810580223,2408.3155783227216,0.16342470718878488
5824956622,24973504,379.69628555302813,0.034496070967272224
903648936,903648589,964.1377191683102,0.033414034737718916
2260849842,16574394,1535.316096511004,0.3140341461184516
940312649,940312683,240.3856127654375,0.026317249154982573
940312649,940312652,8.711252105352878,0.010149600017609433
940312683,940312652,69.90046852628909,0.02594898664301451
940312652,940312669,472.6812992660412,0.0418082794963598
940312669,940312673,0.0,0.026562
940312669,940312676,472.6812992660412,0.011178026481123817
940312660,24669567,472.6812992660412,0.10719382392073398
940312660,976932104,0.0,0.0105335999999999
940312673,940312676,0.0,0.0265116
940312676,940312660,472.6812992660412,0.005222989817049028
1269612832,10241100023,0.0,0.1708259999999999
1363071255,1363071233,0.0,1.0180174285714283
4516060826,25694759,694.3529831719754,0.029253102209111117
2255742337,24969757,7.004231219565169,0.06696720004855994
3074985402,1211691752,44.82509924961886,0.12334227794399716
10241100023,1269612832,0.0,0.171756
1363071233,1363071246,0.0,0.0478119999999999
1363071233,15017262,0.0,0.0359177142857142
1458180620,1458180457,1387.0590158760983,0.0976106892671843
1458180620,797425334,1234.7214160762965,0.05698949321196576
1458120227,2970538973,1281.9603379891248,3.3822864956934326
1458120227,2968328004,1394.6270187267799,1.6309607167923938
2968328004,2968174745,1922.059378205475,0.28096734272101664
1458120254,255886139,715.0736405214257,0.08072629255799109
1458120254,433065575,420.1162512634744,0.06389429920752365
1458120323,11005259,1270.6373661323034,0.11407679228976848
1458180627,1458120227,2676.5873567159047,3.5706254622887674
3901577931,1458180627,1258.3524794981402,0.06006033691831137
1458181076,297497348,675.1905283949707,0.5458207818570426
1458181076,1458120226,1353.2749747946748,1.5121885915502635
1539238905,1626653378,0.0,0.331024
1586186709,3324432576,369.4885831635598,0.01688106405665195
1586186709,3912609284,1337.3289558524107,0.11107131717253305
3324432576,25621845,845.6095915069342,0.014913882611460852
3324432576,3324432562,372.8635541612824,0.8619054539812804
4862265259,25621138,3031.4357051083834,1.039324377171935
1632149349,311941598,942.9996997404862,0.04983787130776825
1632149349,1630023963,1697.8614376996534,0.8964130204672629
3025631931,24953131,929.0717342345383,0.4405725033200637
1693649283,29954400,0.0,0.0252516
1774541634,1774541625,0.0,0.029314
1774541634,31384856,520.3964310658478,0.02247502178427095
3516471211,3516471196,0.0,0.020335
3516471196,909453442,0.0,0.0152468571428571
1800459098,3686207071,314.63168159704213,0.026060315521651826
1800459098,1800459126,0.0,0.012402
3686207071,1800459126,466.1556850946115,0.02520799111106473
1800459126,1800459108,466.1556850946115,0.02550495663014062
1800459108,3686207058,466.1556850946115,0.028917625955914347
1800459108,1800459129,0.0,0.0105084
3686207058,1800459129,314.63168159704213,0.028876606027386263
1800459129,1800459098,314.63168159704213,0.011515498956780383
9946740209,9946740207,572.9042903638106,0.09546825629205344
8831991756,24969678,1261.1415298444674,0.03443673695754266
8831991756,2569452639,0.0,0.0315948
1853296309,2628479858,9.277502115620218,0.024391200100859937
1853296309,18631911,0.0,0.0079176
2043723883,3907572087,1416.566037584504,0.7846924586182854
4533984370,3907571845,1445.4357519213763,0.3709118986934855
3907572087,2043723883,1445.4357519213763,0.8199780172712162
3025805502,2187198469,1239.2726944279548,0.10959475269469471
2187198469,2187198440,1271.8172572558794,0.11937276307564544
2246314929,773660261,415.7609084873759,0.0253655746251986
2246314929,773660264,0.0,0.037057
3840988369,3411658,1271.4215121117911,1.4497510642510427
2260731086,26165886,1039.3952757774493,0.2000788222675798
4810580222,15618026,2565.7908806359537,0.35731915801008834
2262248282,7091784429,754.9921955706172,0.01589526981077856
2262248282,311494772,381.4317003383659,0.034559143473457836
2968174745,1458181076,2028.4655031896457,0.9300221567265994
2287846804,534749,2700.636006114352,1.243686162737377
2480982239,15017249,0.0,0.033438
2480982239,2480982236,0.0,0.0390519999999999
2526224463,280221394,1261.1415298444674,0.06097979317742871
3930292765,25599928,160.7981982013199,0.022084447315047724
2849823382,30056684,1605.8959324570212,0.79813501604839
3160483032,1458120254,1135.189891784901,0.08888241874822375
2970916280,3371924911,4.604523510780596,0.04426320000599454
2970916280,2970916282,358.61586370551976,0.0424118911615634
2970916282,2968328004,444.6138574532978,0.3722201438159872
3866701865,3866868163,1083.6484296547303,0.18347910230909587
3073762516,3877390797,25.611629241314795,0.030582007344732386
3877390797,3877390786,40.46139297943756,0.13117939624092062
11329253725,3147805129,922.6397325768576,0.062264673060539774
11329253725,2262248282,3.155921172063064,0.012526800000693594
9976058359,9976058363,831.7412921533534,0.0477218558759367
3183738530,3183738525,0.0,0.0390468
3498136595,85807521,0.0,0.518374
7095690295,18630098,355.98983210322,3.0500932968517565
3688082989,715865377,0.0,0.028398
3840988376,3881935061,1271.4215121117911,0.00832065875430766
3861801984,529723416,462.23515475857715,0.051488570886521284
3866868160,25694685,938.6543223720734,1.3440403368494547
3877390786,3073762517,45.103626793647734,0.16290637630866056
3907447115,1458180627,1418.2348772177652,0.10167160376523501
3907447115,3901577931,931.2249261441677,0.042663849599057155
3912609299,2574657979,97.6685084519472,0.033752125297854124
3912609299,29812911,704.0824294984469,0.03420216877329295
3952754484,7095690344,822.1550826694421,0.7374091650380175
7095690344,25235133,18.619405161732047,0.7336627874817374
7095690344,7095690293,814.7191670087785,0.026717498250847873
4030574417,24969731,818.1840991621859,0.08678497340854302
6207267162,6207267172,645.6217778070476,0.028076059135607324
6207267170,6207267165,706.4041794461373,0.027810646616575653
6207267172,6207267154,645.6217778070476,0.03879463277841488
6207267172,6207267170,0.0,0.0086969999999999
6207267165,6207267153,706.4041794461373,0.02596662659477789
6207267165,6207267162,0.0,0.009063
7095690318,7095690304,464.0111027756114,0.02155937164389936
7095690318,7095690295,832.2400805509079,0.8574460744646519
442874,442928,0.0,0.0113502857142857
442928,442874,1865.618339954953,0.6741649390137646
442928,1803689298,508.6900839611432,0.030860089307527608
1803689298,442928,1865.618339954953,1.385698633897946
1803689298,9946740209,572.9042903638106,0.04954428618524049
442936,264670999,735.0254621306607,0.2845944747560479
442936,2071683,556.2005264130927,2.243507092826302
264670999,442936,1005.1411738237596,0.798200711410299
264670999,30403571,492.6262272100661,4.607050900728373
2071683,11297162,842.0341952324857,2.497096509945936
2071683,442936,1075.8822124614649,3.7224883061745477
2071683,27318981,490.1812025365655,0.46123102686077067
534591,8083440,40.23231556887955,0.022270121067263105
8083440,534591,0.0,0.0222696
8083440,534908,40.23231556887955,0.0442366350308502
534608,30436919,0.0,0.015066
30436919,534608,434.29796880254696,0.01985263609960004
30436919,534635,382.65462006992857,0.36406285714003267
534629,11769656,9.316873379698643,0.015282001028352912
534629,534635,542.661465813771,3.1892205373282296
11769656,534629,1366.844975089718,0.49164551745805424
534635,30436919,434.29796880254696,0.3669012874222813
534635,3160432771,257.7219128805344,0.22195204310705954
534635,30409405,499.09165917202864,0.45319022500251654
534635,534629,640.3597358856484,4.496253997768619
3160432771,534635,390.72816216080497,0.25798727981613884
30409405,30404993,661.6158024903592,0.04141978319726489
30409405,534635,515.4270286962545,0.4754064064766408
534736,534306820,1131.044282300572,3.6172022191561153
534306820,534736,994.0855268644127,2.3225932189910035
534738,3534531371,744.3278542233196,0.06409547737017394
534738,534329195,816.7257754300274,3.557431249672427
534738,2071709,0.0,0.2416211999999999
534738,534888,593.3890122501607,1.1146473432465975
3534531371,534738,932.6964296401521,0.132919644492458
534329195,534738,726.5067940815799,2.4947842661063064
2071709,534738,0.0,0.2416212
534888,534905,459.6459325517167,0.12432630389841252
534888,3564765835,608.7303711427905,1.4802741102014645
534888,24669567,249.09686487079028,0.7897251633235888
534888,534738,495.2394181817766,0.8131249734388867
534743,247994358,0.0,0.1055711999999999
247994358,534743,336.4420285794292,0.10795737696779253
534751,29510455,1527.3435917626477,0.3886198784549767
534751,3952754481,1116.380079743651,1.1507787193676489
29510455,534751,1552.6177609458418,0.4140203735319467
29510455,25873175,1537.9427736459947,0.3878948693399497
534754,16574555,0.0,0.1945632
3952754481,3952754484,822.1550826694421,0.026409633946863305
3952754481,16574555,542.5991764090496,1.3888679484612865
3952754481,534751,504.6572619196018,0.6386999238752817
16574555,534754,461.4473084611527,0.2733458210083645
16574555,3952754481,0.0,0.7828571999999999
16574555,3098430373,665.9221124595626,0.5055991930739697
3098430373,16574555,0.0,0.1834404
2202559858,2071682,1349.862463929577,1.807345721753927
534774,244038933,511.4809709057216,0.982922125867882
244038933,534774,258.327870560137,0.9643557535925366
244038923,30151413,623.1342069549654,0.2064521378268492
30261537,30058364,770.9495457805626,1.2841879314952256
3160432775,30151413,974.4204955020678,0.47035367360057845
534905,1854526402,0.0,2.3817132000000005
534905,27318980,459.6459325517167,1.7742428990161594
534905,534888,275.1897842750213,0.09344390233486663
3564765835,3853544,608.7303711427905,0.29775550350681285
3564765835,534888,471.4524909558516,0.9582758209170555
24669567,534888,472.6812992660412,1.1038423663790324
534894,21596884,0.0,0.4184699999999999
21596884,534894,0.0,0.41847
21596884,1242395773,69.90046852628909,0.32671599541335844
21596884,21596886,1658.137265982522,4.120419482511862
1854526402,27318981,0.0,0.024318
1854526402,534905,1.169845942971952,2.381713200039837
27318980,534905,274.0199383320494,1.33242680891078
534908,8083440,0.0,0.0442355999999999
534908,3853544,40.23231556887955,2.0919009454501416
3853544,3564765835,40.23231556887955,0.13375032943597773
3853544,534908,10.401543480302184,2.091852218677131
535357,30409415,501.93382174643267,0.5224938778042082
535357,25479300,64.06226045956133,0.9001833804528578
535357,536582,584.4762902638837,2.6854737431419577
30409415,535357,527.6868485037108,0.5643768096717525
25479300,535357,58.08115220054668,0.900139471925262
25479300,301887305,753.5878992608227,2.9750843798600233
25479300,2072816,798.7905751790518,1.980525099401434
536582,301887305,355.6136773604084,0.5767358119551276
536582,30848648,608.1706519947461,4.71593009506635
536582,535357,564.7043717656204,2.5092285375461363
536575,30403571,603.1977823890255,0.03465110861059858
30403571,536575,260.41472707672744,0.0165305539936955
30403571,264670999,819.8496955285058,5.585224091722016
301887305,536582,286.3258063809882,0.5737776735186267
301887305,536584,736.6098500157403,1.2630033829590426
301887305,25479300,735.3354285860252,2.805947758721776
30848648,74069309,615.8548441851215,1.9432339516910495
30848648,536582,657.6866044759026,5.669354738198033
30848648,31350684,450.6224627726811,1.0053848691350369
536584,18627204,252.0037008228763,0.021572190117493055
536584,301887305,649.0695083615224,0.9687490705186309
18627204,536584,903.1310435051575,0.08902320746458892
18627204,30587934,605.9425556432519,0.6433187539853618
30587893,2072800,738.6397460167058,1.414178710760818
536655,27145651,917.7858005984457,1.3479006918354535
536655,25599929,643.6199865026892,1.153622256524222
536655,264218470,879.5542733883976,1.2585463874938836
536655,3899207524,1087.9754132891671,1.1552222859762529
27145651,6207267154,706.4041794461373,1.024643817795256
27145651,29535607,620.6696018878805,1.6985089721757483
27145651,536655,828.0218172612839,0.9959256762387537
25599929,536655,743.4948529214728,1.5613591773787465
264218470,536655,955.1707752711557,1.6238128331661141
3899207524,536655,1002.2480283247868,1.0592608449439855
536667,21647397,873.7295014293165,0.45640141079026697
536667,21647058,2189.5073442075286,1.6581249607889632
21647397,536667,822.2620416710553,0.3838298416758348
21647058,21647057,975.312480705959,0.1292631161143534
21647058,536667,680.3891243469476,0.222762980663989
536672,344434421,1586.0694445427687,1.9651004952550566
536672,1630023963,1626.0356203689464,3.592469640718644
536672,903656551,506.8652853055635,0.6859971064627248
536672,3100041009,865.0791483423434,4.629982323382756
344434421,536672,1283.39921856223,1.2286885138613544
1630023963,536672,1870.8118418685128,5.4249252780731005
903656551,536672,633.0007823473845,0.9231881465476383
903656551,311941598,946.7186752223488,3.7475737219227647
903656551,16574525,1232.5857948092569,1.9680331895532865
3100041009,536672,796.8376557814953,3.549108140247731
536674,21540524,415.56783690138144,0.264657950484655
536674,31296012,209.33734138270697,0.8041458287235076
21540524,2297619,503.4695755247178,2.433376986161835
21540524,21527766,1184.3862163143267,3.5205437669296344
21540524,536674,209.33734138270697,0.2606034377532725
31296012,536674,415.56783690138144,0.8166568666766386
536675,248219433,359.2106082876816,2.9934536064362005
248219433,248219434,359.2106082876816,0.058683959483722715
248219433,536675,569.2801993488517,4.174006694188703
2071674,11769758,627.0149071739768,0.05122800423696066
2071674,534316145,521.2341416662201,0.06514750286406885
11769758,2071674,546.7577314435583,0.042001938156877555
11769758,3121547154,636.2629414788663,0.28866459663925204
534316145,2071674,627.0149071739768,0.08385201102302996
534316145,534316143,521.2341416662201,0.053602458152929605
2071682,7101166877,631.2926810597496,1.2328929955757482
2071682,2287857538,1073.1927644700656,0.711815361404578
2071682,7093468874,0.0,0.0532656
2071682,2202559858,1371.2876329102235,1.9179420386841626
7101166877,2071682,549.7873879148156,1.1182817427874965
2287857538,24973504,694.3975416860187,0.02320326854650981
2287857538,2071682,946.2002548830559,0.6758729190445442
7093468874,2071682,858.570045310073,0.10432385550932134
11297162,11306937,517.6005421279831,1.1989753021281464
11297162,2071683,967.3376567086302,3.8083140687413106
11297162,2071687,0.0,0.3627707999999999
27318981,1854526402,490.1812025365655,0.03685621526296424
27318981,2071683,884.559427108794,1.968214896396564
2071687,11297128,0.0,0.5182068000000001
2071687,11297162,0.0,0.3627708
11297128,11306937,185.92138149537595,1.2121606839007104
11297128,2071687,0.0,0.5182068000000002
2072800,2274921120,67.56114173504068,0.48617122335861607
2072800,30709473,1046.7435373450921,0.568025005242432
2072800,30587893,1268.0382085766882,2.308690016455677
2274921120,2072802,164.21549714005587,0.01569201629089264
2274921120,2072800,649.1279488215285,0.9021871901633564
30709473,2072800,994.5751928185846,0.4784523868440002
30709473,31350685,158.3252997023307,0.7728321831253903
30709473,10712397266,639.1430823622229,0.9330134621936587
2072802,316507154,143.62689631278076,0.26565885538843376
2072802,2274921120,627.6891375358608,0.027338430660370706
316507154,2072802,1285.3738769901483,0.4840791075640208
1485594778,10919238,643.0000956086856,0.5267626549464333
2072816,25479300,811.0619375948346,2.0630246673066615
2039066667,30847942,1469.4186523500719,1.6523953559360491
3869392962,25694685,1079.235260225,1.7569057231766905
2297615,21540856,1287.638161588939,1.6687068029007923
2297615,270909880,949.6172272072466,3.6860957643802337
21540856,2297619,1073.3109189947481,5.209588451067387
21540856,2297615,711.8456041107024,0.26201692795170584
270909880,2297615,607.2478489935282,1.240289322402716
270909880,270909809,1135.3155427420008,3.5916266259056684
270909880,21647107,534.4589539719719,0.4483127270857119
270909880,133281288,862.1064362765463,2.2917382723756634
2297619,21540524,499.9469202454466,2.4088058436378055
2297619,21540856,497.81308103512225,0.9127482281632612
3411653,26165869,991.2049450518341,0.9842099992502941
26165869,3411653,0.4559598398137867,0.36414120000002764
15511907,3853550,100.44078914023294,0.03158868525502749
3853550,15511907,0.0,0.03156
9100179,4385377370,506.64253282976875,0.08999301097122964
9100179,3137684031,340.1613087189605,0.7564631992775407
4385377370,9100179,471.213269660242,0.08918946391613972
4385377370,11298793,1292.22940729914,9.81691366302433
4385377370,24973474,1409.3956326424236,1.8460177775798998
3137684031,9100179,506.64253282976875,1.0732532042406693
3137684031,25949615,1465.9657296316775,1.2096128409679723
3137684026,1703242714,1524.5389835524916,2.4960487144393118
9100190,9982673432,36.50526712792355,0.23097246316682113
9982673432,9100190,153.60422286015458,0.23211707840026363
9982673425,3371924911,552.3155568382233,1.2084333284005844
10919223,25740441,6.819785434664287,0.01564560016314327
25740441,10919223,523.2024029975347,0.021297119626126237
25740441,1587510067,893.812994021239,0.23010897950803538
10919230,86684589,437.68539333123584,0.012926345691009566
10919230,560450644,305.1308195935184,0.03111876422797593
86684589,10919230,305.1308195935184,0.010489282237798289
86684589,10919252,4.781792213531935,0.9854460046012613
560450644,25319455,803.4994370919893,1.9223775301471233
560450644,10919230,437.68539333123584,0.03834884930813649
10919238,1485594778,124.21670398167636,0.289123435681123
10049596107,11008006,643.0000956086856,2.5872000548379606
10919252,3073762517,0.03774736311094051,1.4032896
10919252,86684589,305.1308195935184,1.061734379402346
3073762517,3074985402,44.82509924961886,0.015018541474981707
3073762517,10919252,0.2785275440288452,1.4032896000000752
10919767,30847942,1602.3437349714889,2.4743702710160536
30847942,10919767,1469.4186523500719,1.9925450062501993
30847942,2039066667,1602.3437349714889,2.05196767544419
30847942,1942977739,0.0,0.5105843999999998
10919780,10919782,601.7184780574496,0.6854843579363854
10919780,126667225,474.4627960945497,0.5760774297315205
10919780,3151457278,685.6130027846624,2.105434990136204
10919782,2262218571,870.6475525477077,0.5760312483046348
10919782,3147805129,1133.26797473692,0.9089792714496274
10919782,10919780,711.1901577661395,1.037254010014329
126667225,10919780,346.2985961257967,0.5647278858524386
3151457278,10919780,582.7516183464843,1.4374247039168138
2262218571,10919782,1190.7474744164608,0.78843653065381
3147805129,10919782,922.6397325768576,0.45628385437485847
10919797,3864841571,562.8178348948768,0.18840253945321636
3864841571,10919797,0.0,0.0993636
3864841571,3866701865,1285.4986783655613,0.5650562691936378
3864841571,3864841558,722.0651357363364,0.29886383288237756
1952603929,25106277,640.0171494079453,1.2437817344960562
11004470,3324432562,490.72982039802156,2.198900026082022
11004470,415524744,439.62073934676033,0.8768623411386064
11004470,27252041,330.7068256568094,3.5485011998064886
3324432562,11004470,503.2676972167613,2.249910616917488
415524744,3878906071,197.57516470237258,0.03035091806988703
415524744,11004470,190.93462070602254,0.8674516036132035
27252041,1621457361,172.05793752378645,0.48592164008276933
27252041,11004470,566.8550674788072,5.02491807882112
27252041,1620070195,44.17638858547326,1.66811262473443
11004892,7260653744,1517.0498643290334,2.4318860552593473
3780365870,25621848,147.24152045643172,0.014695427873387842
7260653744,11004892,2036.5659797233352,4.447258316740164
11005259,10773251468,1109.6056386975924,0.4009780968458324
10773251468,28799160,1109.6056386975924,0.7833236857223373
10773251468,11005259,947.8439765036047,0.26452423058631086
1762496623,2970916246,344.15865774536593,0.33999181960634767
1762496623,1458120323,196.40704124996861,0.018882083186075208
11005395,29138057,415.93142171602983,2.89483237395165
11005395,28799160,1225.131648593788,9.608535035346337
11005395,11298154,942.9441073021809,3.3793093297964814
29138057,312068717,1212.4159039091412,1.8348118087416814
29138057,11297938,807.715764701875,0.2579751374044011
29138057,11005395,382.80831450403923,2.7223697882500475
28799160,10773251468,947.8439765036047,0.5167566430577419
28799160,11005395,1165.8845655297202,8.227822591081852
11298154,11005395,1035.3142975782405,3.5021170338898235
11298154,81580487,1470.23417698398,5.482695776691271
11298154,2241123813,466.28106427841874,5.736811331338726
11005798,312068717,71.94183348653155,0.03941668913734218
11005798,1458180754,1095.6671010190958,6.609918136415826
11005798,312068888,1251.7426077761072,0.5066799096833045
312068717,11005798,1212.4159039091412,0.44992247082016595
312068717,29138057,932.7751357403351,1.3648039970542774
1458180754,11005798,1162.0222591098247,7.140525271931579
1458180754,255886038,737.5965596850858,0.45361144871342135
1458180754,3901577931,901.4302322374407,0.8991488309025643
312068888,3123615192,1251.7426077761072,2.1953819188396695
312068888,11005798,835.0384262410244,0.1320050692610811
25600624,2628479858,34.84022969384112,1.8121518448264085
25600624,246859505,574.1368990853408,0.29104839708968516
25600624,25600626,464.92639349238164,0.39278244740857066
11007218,3877452744,1910.566632242297,4.391446158659633
3877452744,33476661,483.5284339696564,5.042672226672045
3877452744,3877390786,37.89319320383397,0.5624166472376276
3877452744,11007218,1606.5979183954862,2.4560106287797807
11007703,95145069,1176.9316777653944,0.19657348787691528
11007703,99094266,785.789038905983,8.019562984459403
95145069,10712397264,1425.495729357575,2.7506082472284388
95145069,11007703,576.7457110782327,0.029409494088113924
99094266,1211691752,14.81201637501185,0.864697571708115
99094266,3121844724,498.3686174984706,1.0384084299841023
99094266,11007703,678.6852788037965,5.2702003399670865
11008006,10049596107,124.21670398167636,1.420032649666875
11069287,11069422,541.621934027625,11.500087693175022
11069287,28196757,59.82268208784644,0.8666235009222634
11069287,203786445,457.05485807620005,8.872135454962446
11069422,2970916246,541.621934027625,6.140537247610669
11069422,11069287,388.91307349889473,7.831139674859241
28196757,11069287,85.11833800221957,0.8667892755898549
28196757,78031855,59.82268208784644,1.1616860568290326
203786445,3878906071,124.41610532056819,0.03778719571726019
203786445,11069287,71.76048041030984,7.331087018810373
2970916246,11069422,388.91307349889473,6.883902628046101
2970916246,1762496623,397.26707764882207,0.3411014280560235
11070701,3730499830,0.0,1.166418
11070701,3183738525,0.0,1.7750580000000002
3730499830,11070701,0.0,3.88806
3183738525,3183738527,0.0,0.0250248
3183738525,11070701,0.0,1.7750580000000002
11070793,3183738502,1295.4951568565066,1.2362091231500059
11070793,3183738527,0.0,0.0255469999999999
3183738502,3183713693,875.0936723841829,1.1444773923632863
3183738502,2134245708,375.0129434726204,5.405952273077396
3183738502,11070793,1080.8576642116527,1.0852116355453212
3183738527,3183738525,0.0,0.0250248
3183738527,11070793,0.0,0.0255469999999999
3183738527,3183738530,0.0,0.0235619999999999
11306937,9946740207,703.5219236233587,3.4016271632080137
11306937,11297162,514.8268297951769,1.1890167735930304
11306937,11297128,58.0774605686343,1.2052848983273348
11297673,33476661,877.6688416389416,2.9835920816156976
11297673,3061333822,816.5931233118162,1.3432416622259726
11297673,60577293,320.9816204752138,3.8985121215167866
33476661,10581412104,415.0757140436403,5.596376147895074
33476661,3877452744,514.9890593510147,5.517051092394567
33476661,11297673,819.999245622708,2.386121169973723
3061333822,3212482939,724.9789086016764,5.142310280276427
3061333822,11297673,868.8529127604581,1.387933426501312
3061333822,3884698667,1310.3368782399443,3.048791965580944
60577293,11297673,23.720392335596475,3.560950067772286
60577293,159733475,1156.6902660189457,0.7011765429868124
11297938,2241123813,525.5730044480736,0.037300242555342526
11297938,29138057,1054.2334256586898,0.587880026066408
11297938,2241122861,282.14276025380155,0.032963078987306826
2241123813,11297938,466.28106427841874,0.03348398716212834
2241123813,11298154,527.2900696817977,5.787991111042467
2241122861,11297938,587.9523613802728,0.05041164019181213
2241122861,32547463,282.14276025380155,7.657133834197582
81580487,31353295,1089.2331246305114,0.03708698251298569
81580487,11298154,1501.5953618566598,5.913421155199232
11298793,4385377370,1206.489055663365,7.622742253683906
11298793,3137621725,1553.49998372753,1.5958674581388368
11298793,255886038,1134.078197301413,4.2441472279038965
11298793,25599933,926.2728143300159,3.199128644829734
3137621725,11298793,1257.2560319614913,0.7159555641488998
255886038,1458180754,1131.0792711297865,0.621839679778562
255886038,797425334,820.7744530912229,0.7980886816849241
255886038,11298793,1185.4631904783453,4.517909233543049
25599933,2572637252,890.4802098634215,4.30954902035502
25599933,10584342336,895.5667858349751,1.2097404893159491
25599933,11298793,1085.391421283343,5.408760317068187
11305234,2078553223,12.749731082176165,0.03844000489645273
11305234,1587510067,537.5656894882237,1.290394056461246
2078553223,11305234,0.0,0.0384399999999999
2078553223,85890601,0.0,1.759834
1587510067,25740441,523.8275621067319,0.1973752277152141
1587510067,11305234,886.9985563793637,3.6653328398449956
9946740207,11306937,572.9042903638106,2.36973881050663
3121547154,11769758,550.8770234013374,0.2827142910408006
12961684,64804962,1611.4365914253403,0.6172783212397069
64804962,12961684,1353.157713885843,0.3161807946229813
64804962,3057030904,1598.8436797836578,0.43213623966413767
784730663,3057282550,890.8276865505248,0.5220793221169926
15017249,15017262,0.0,0.0057145714285714
15017249,2480982236,0.0,0.0154337142857142
15017262,15017249,0.0,0.0057145714285714
2480982236,15017249,0.0,0.0154337142857142
15017430,1065689955,5.525271382272041,0.01618800007272802
15017430,25319473,0.0,1.3786991999999996
1065689955,15017430,0.0,0.016188
1065689955,1054691691,5.525271382272041,0.036823200165436026
25319473,15017430,148.05145352392827,1.378898769578678
25319473,25319455,0.0,3.4585740000000005
15612128,24953182,0.0,0.2618783999999999
15612128,3150424525,45.77906505250153,0.28452875984256365
24953182,3150424525,497.43175629226937,0.5415474140405055
24953182,25106277,321.16351762853816,0.7094659249590289
24953182,3866974284,164.25370410918504,0.48214090938756604
24953182,15612128,45.77906505250153,0.26188394448804747
3150424525,15612128,0.0,0.2845175999999999
3150424525,24953182,485.4172217377233,0.523711701224016
3150424525,4516060826,281.6768773928985,2.033161044423889
3030258471,16573527,726.6664332776586,0.4873233873577366
903673001,21647146,2280.7567948244623,0.7550529321421119
903673001,270909591,1238.1501079842328,0.3613387778678694
16573458,16573467,1327.1778418372855,0.3847206457627184
16573458,21529707,964.1562258576047,5.240873270955471
16573467,16573458,1309.43770686006,0.3658230245742819
16573467,3844764341,523.3016139244438,0.4195631358913697
3840043618,25949482,1633.3773756209346,1.923730740136385
21529707,2272203032,791.7961700976538,1.371032335400547
21529707,3013520884,613.9201159687617,5.704265310332916
21529707,16573458,831.1879763722384,3.348926746668317
3844764341,16573467,268.5913771294724,0.4109365342866335
3844764341,3844764334,523.3016139244438,0.09146893825978897
16573527,16573543,816.0370566688277,0.17167257990976528
16573527,3030258471,299.3813565775195,0.21594347980185433
16573543,16573527,209.92759142574067,0.055226236658185164
16573543,3844764355,564.1959452823336,0.3017446910988726
3846282157,2187198469,816.8152181772609,2.5509868308573043
3844764355,3844764334,476.35118535707744,0.10294211195859113
3844764355,16573543,606.8943800949394,0.3047735858106752
16574244,25623811,420.0314636525008,0.11878896591674713
3861801989,3861801984,1169.6881888766018,0.7982626823808155
25623811,16574244,1190.9989354110457,1.7631946491320971
25623811,529723416,430.6904520393173,0.09497168546031808
25623811,2503004249,0.7708419182610995,0.1369788000004318
16574525,903656551,1224.7641559109575,1.9283084568685493
18178749,21596886,1666.4343596659473,0.7678144660582483
18178749,299844554,984.2605855841551,0.5942255710175306
21596886,21596884,1446.9304327985703,2.917406270946743
21596886,18178749,964.9292346127841,0.1041669565019538
299844554,3147881709,984.7294931834333,1.1115252852562842
299844554,18178749,1205.106460363995,1.2012326410088023
18178769,25873183,7.052861484835033,0.0193080002302994
25873183,18178769,972.4191158737792,0.10253137772122725
30587934,18627204,647.3689880986788,0.720049965683544
30587934,18627237,1047.5060963274464,1.1853083808344735
30587934,28796744,558.2201658525654,1.029379536075662
18627237,30587934,999.9982034862593,1.0139871574765265
18628215,25600626,325.9241152898271,1.56788526922907
18628215,297481606,286.48609458499703,1.1700458111824983
18628215,3057282550,787.2992266076163,1.6118263111384448
18628215,3212449669,765.2746402429367,2.6388085308422773
25600626,3123615192,773.1112044391764,1.1291882797656203
25600626,18628215,167.4597358051013,1.4343516032904327
25600626,25600624,180.17037262745419,0.2797480383645318
297481606,33477164,286.48609458499703,0.02126083830390222
297481606,18628215,325.7513913666708,1.2146355284697674
3057282550,784730663,1114.4335365069164,0.6427475827148488
3057282550,18628215,716.5447687983745,1.2833173478451343
3057282550,2628479841,9.277502115620218,0.6470328428086765
3212449669,752186307,644.8938629837629,0.1000315047249699
3212449669,18628215,955.2281807552301,4.986027934951208
3212449669,3884698667,745.0410460695109,0.13166834123998095
3212449669,3686207058,314.63168159704213,1.108616790466183
2628479841,3057282550,34.84022969384112,0.6470413139597184
442828572,442828559,1119.5249007497928,0.13628082544902662
21527733,7193964013,1498.3053597747403,1.2544920207277008
7193964013,21527733,1711.066523822879,1.7845834226731794
21527766,21596461,761.1374754996606,0.45539272784475004
21527766,21540524,1278.094826072629,4.176678368154094
21596461,21527766,1136.052234807613,1.8086180704807504
21596461,311494772,713.3950454173334,0.3448340912429149
21527804,24944059,35.77362335606052,2.633236513810864
21527804,221994427,326.02048071104724,0.2774369112431366
21527804,21616650,0.27498018088918735,8.65692400000044
24944059,248219538,189.98037432597522,1.9505832454022103
24944059,21527804,324.3685375317478,2.8935252696592015
24944059,21528488,134.79204943658473,1.9345114618708839
221994427,248219434,732.8397581361801,0.23182111650934586
221994427,248219538,1150.728764628292,2.366473856139821
221994427,21527804,36.04860353694972,0.25201460061773967
21616650,3516121147,142.00772844133562,0.6264629928962658
21616650,316299769,21.063339349656044,0.6085018696736763
21616650,21527804,1.6519431792995087,8.656924000575742
21528488,24944059,514.3489118577227,3.134431185705344
21528488,25306315,2.380664331649825,1.1281824003236331
21528488,21528509,141.1283348791843,3.5206996582420134
25306315,25283723,0.020098748699955347,7.899126
25306315,21528488,52.70631522191076,1.1282601519333213
21528509,270909591,5.751500907332014,4.992440048788659
21528509,21528512,141.1283348791843,0.25211482178112293
21528509,21528488,470.3595464100616,5.041807649970018
270909591,903673001,1259.4634858204424,0.36659260420839734
270909591,392656728,851.5134647149946,0.646826817838343
270909591,21528509,403.04145131944944,6.168942802960746
21528512,25272871,501.05926262962754,3.8441166987310407
21528512,21528509,281.20729586413404,0.26525455547726734
21528512,25283723,0.01701192322504935,4.524265499999999
25272871,21647146,991.5340099025431,7.13204986066768
25272871,21528512,280.99420000687303,2.596533080657561
25272871,25281950,283.0188645810253,1.4407012687875589
25283723,21528512,1.532817866146999,4.524265500223046
25283723,25306315,50.75042391114905,7.899593971057464
25283723,25281950,126.86907395893557,3.8543652037709304
2272203032,2968174745,1921.7071927208067,7.181290782868437
2272203032,3942350550,797.2482240212547,0.35490741366279
2272203032,21529707,750.8676202329143,1.263651712722397
3013520884,3160439147,444.54626684968326,0.10446663536349214
3013520884,297497356,594.0235422833023,1.915020125405409
3013520884,25949615,426.6392790897045,0.3936673978117748
3013520884,21529707,521.8804163481349,4.180160762844997
1150742708,2255742337,1027.7891105177857,0.17952689174139172
311494772,21596461,988.0215251909596,0.9898437344377167
1242395773,21596884,240.3856127654375,0.33193673683634367
1242395773,940312683,69.90046852628909,0.18570576927869187
3516121147,270909809,142.61730944330208,0.0455757654730103
3516121147,21616650,20.793776460625867,0.6241970421631688
316299769,21616650,143.65425432877615,0.6108150825366453
21647107,270909880,1041.6665005231348,1.205875864236611
271287016,21647057,645.2805580376678,0.6290698949482901
21647057,271287016,979.707835834276,1.8644825690989206
21647057,21647058,673.2280123136062,0.04798083482202886
21647146,25272871,1023.6689495889974,7.743785181119453
21647146,903673001,303.9221245812553,0.015726388223036854
25873175,29510455,1633.7657267836435,0.45447961806791604
248219538,248219540,1267.872266877936,0.34860288825000063
248219538,24944059,99.01842608052411,1.9492705861499475
248219538,221994427,406.838565874494,1.2142573479972256
24953131,1636482042,0.0,0.0212412
1636482042,24953131,0.0,0.0212412
24953179,3998373587,303.2139069576443,1.7682192799102885
24953179,24953181,562.8178348948768,0.3262150657058326
24953179,3864841558,689.5168323890609,0.38308825422879156
24953179,3043453331,398.61197776079325,1.0493990976859353
3998373587,24953179,737.8034709440443,2.0509984280905873
24953181,24953179,0.0,0.172046
3864841558,24953179,694.9580451770062,0.391270926913851
3864841558,2187198440,518.4408402658938,1.5875706536947363
3864841558,3864841571,399.04857519800765,0.27835039494599595
3043453331,3866868163,717.3042501602912,1.8309705178871363
3043453331,30332565,157.93415355987133,1.216761331015386
3043453331,24953179,521.3990358813252,1.4215248655720527
3043453331,461740603,243.3777752927704,1.6904892085555134
25106277,1952603929,406.1581826529171,0.6188028235670459
25106277,3866974284,407.37732591037906,0.7915215177289097
25106277,24953182,232.63982349756563,0.6648544308788271
3866974284,25106277,84.99466502437876,0.6355652777162515
3866974284,3866868160,571.6310300195646,1.0372790426995557
3866974284,24953182,310.57099784720543,0.4833863278865919
24953550,288154942,1.9766714828117236,0.15516840000417875
288154942,24953550,484.8201305393096,0.17029154368451352
301388728,24973474,955.2489844610017,1.0204508423602743
4030574404,4030574417,1015.0847094918614,0.6221594814428734
24973474,301388728,1377.7774124370007,1.7014659885805912
24973474,25433992,31.618220205422926,0.680695275468803
24973474,4385377370,1459.7067211086737,2.110171515502408
25433992,24973474,504.45773664767114,1.074356429701142
24973504,2287857538,1344.050745207377,0.11117859744676109
24973504,311651883,1069.3896295136797,0.757178553683342
311651883,24973504,1339.3465474820084,1.0697553175774668
27598015,27254447,1120.387296851751,0.10822308069363772
27598015,442832879,1309.2428745992927,0.5824131937728573
25281950,25272871,1094.2309369039685,5.027362121494092
25281950,25283723,172.447408995638,3.8758388643334825
25281950,668019917,308.7579097327361,2.0164764910250117
668019917,1798264163,0.0,0.0354797142857142
668019917,25281950,1462.7814606057664,3.0313439430363434
25319455,25319473,148.05145352392827,3.4734138335719065
25319455,560450644,437.68539333123584,0.540491094386937
25319455,86661782,655.4479835680603,4.864603307478845
86661782,1054691691,0.0,0.5067599999999999
86661782,85807931,3.381098662765498,0.9787160011422714
86661782,25740442,585.8405760281752,1.4250275216702848
86661782,25319455,437.68539333123584,2.4389033277053396
1703242714,3137684026,1487.8380494374983,2.2862509410749077
28796755,29535607,1092.0463820589043,1.1480670669731519
2526224454,3930292765,160.7981982013199,0.013373761063360922
2526224454,10584342336,964.0213907477472,0.1728372904313712
2572637252,25599933,981.1442119039754,5.844830755333933
10584342336,25599933,964.0213907477472,1.5231553421564277
10584342336,2526224454,160.7981982013199,0.033581876394135894
2628479858,25600624,9.277502115620218,1.8121281198931514
246859505,25600624,570.7983554447703,0.28774341281293325
3123615192,25600626,329.8908040895231,0.2979700457330926
3123615192,312068888,1695.871728494827,6.991190806954025
3123615192,3212482939,1038.7018698296508,2.710192712470023
29812910,29812911,6.525811513070445,0.012363600108087918
25621848,3780365870,633.460377372339,0.03567770123603522
25621848,3979445014,147.24152045643172,0.03277339498749727
3979445014,27410712,244.78879538021062,0.8903639171693603
3979445014,25621848,446.5259151753606,0.04422337794472491
3844764334,3844764341,180.74661720421628,0.0894767624224669
3844764334,3844764355,606.8943800949394,0.1364054764540249
529723416,25623811,68.55855662762964,0.07266233347791688
2503004249,25623811,1133.8702090884942,2.159010654322244
25694685,3869392962,938.6543223720734,1.5388409076026202
3866868163,3866868160,1334.2199852436586,0.4321614588722356
3866868163,3043453331,658.793113906389,1.4597655370339957
25694759,364757216,460.6018545174379,0.38996612427814026
364757216,3612398319,48.16055148582682,0.03295598329000572
364757216,25694759,0.0,0.2781576
25694763,3842071988,510.9835371911182,1.0294304072495577
25694763,1785077919,550.587378453849,1.0669446057005427
25694763,3859885311,226.41386484105627,0.5790080498612459
3842071988,2610458800,544.833817049136,0.11510518075969697
3842071988,25694763,152.80677387040964,0.6429711423450971
3842071988,335688683,1200.5320459379643,2.508053246250187
1785077919,3840043623,710.1196780434791,0.1505722651176743
1785077919,25694763,566.259259942143,1.1240847305352497
3859885311,3859855171,226.41386484105627,0.04425807172436207
3859885311,25694763,240.16217881894522,0.5792335635923133
25740442,86661782,901.0236978101505,3.7967117256196254
25949480,3840142105,1316.3835556145523,1.0367927405808295
25949480,3942350550,798.0224439839689,7.441156193824872
3840142105,3840043623,1153.4509980519067,0.20208365758062233
3840142105,25949480,1543.3541018773567,1.266159760519605
3942350550,25949480,755.8619502628814,6.480377638367161
3942350550,3840043623,475.98387325322284,4.829750358730098
3942350550,2272203032,926.179470397524,0.386540197571309
25949482,3840043623,1635.215999325532,0.4360184635780498
25949482,30156768,0.8418678434820861,1.4849680000066616
25949482,3840043618,1295.8448179794525,1.4129559806123861
3840043623,3942350550,571.8707590047208,6.4748088918348135
3840043623,1785077919,562.8590019691266,0.08729525817644967
3840043623,25949482,1296.686685822936,0.3198133844187402
3840043623,3840142105,1543.3541018773567,0.539634246342131
30156768,198189803,663.7586356940648,1.3642499870148863
30156768,3020440809,688.1334495941114,0.16915704300194653
30156768,25949482,1.8386237045972085,1.4849680001515546
25949615,3137684031,1192.8074247052705,0.9803767014045048
25949615,3013520884,598.2066427061757,0.6511975795014375
25949615,3160439147,867.7590869255029,0.5793801086737778
3160439147,3160483032,1135.189891784901,2.149026951112475
3160439147,25949615,766.1681456155661,0.4657241650417589
3160439147,3013520884,306.5687174800903,0.08356263844172561
440369967,277060367,1546.268731064801,3.691133592135813
6207267154,27145651,645.6217778070476,0.8110115322610989
29535607,3057030904,1401.8096828981002,1.6511562211525483
29535607,27145651,591.6880201898077,1.5751887295128577
29535607,28796755,1089.7272350331486,1.1451510323544802
29535607,258315633,1051.5732449483985,1.1690945593473123
27145655,258315627,806.9847669130419,1.5586549739254671
27145655,2233985754,449.43027331455596,0.34829324378032683
27145655,3907572085,761.968649967406,6.740283581890212
27145655,6207267153,645.6217778070476,0.1431372212004094
258315627,27279339,194.18731271514372,0.08889592098375947
258315627,27145655,366.45835955048733,1.2730068692721848
2233985754,2986258962,449.43027331455596,0.09754954826434753
2233985754,27145655,831.4016100449729,1.344562814823062
3907572085,3907572087,1445.4357519213763,5.541209884538258
3907572085,27145655,759.7413189604541,6.681383081181932
6207267153,27145655,706.4041794461373,0.14861867406315124
27252028,27410728,418.50747264774367,0.05959860229925193
27252028,31342626,384.8241061424103,2.0861096750466737
27410728,27252028,384.8241061424103,0.055944397257566725
27410728,27410733,1178.136802171667,0.21574568963755666
27410728,292884981,0.0,0.0493883999999999
27410728,292884983,848.9845625046567,0.09175569510407046
31342626,27252028,418.50747264774367,2.22237126451322
31342626,3878906071,127.66547551560832,0.8281511117504144
31342626,3879014011,297.15812375155383,2.1040367246034872
1621457361,27252041,378.17497579355063,0.5702189694020322
1621457361,8832171454,174.88941077881987,3.3174610276990824
1620070195,27252041,23.557922211646623,1.6680844766202922
1620070195,27252049,38.4682948519459,0.10695712904433151
1620070195,30752442,173.8501291267543,2.5153000614412875
27252049,1620070195,129.67374054128118,0.10710178317498147
27254447,27598015,1060.2286492071719,0.08927916910486608
27254447,335688683,1103.850127898028,0.28022431335181175
335688683,27254447,1060.2286492071719,0.24360313125563343
335688683,3842071988,1103.850127898028,2.2326472380555913
27254448,27598012,438.7439122005409,0.014538084724069138
27598012,27254448,0.0,0.0123348
27598012,442832879,438.61670213046165,0.045412396903919586
27279339,3123815945,524.8805308288228,1.4025870360739952
27279339,3907571845,1416.566037584504,0.5091519939950381
27279339,258315627,808.5972860527525,0.4229101045155638
27279339,258315633,605.2650345917202,0.14679736622601455
3123815945,27279339,664.1125794728781,2.2881598123815325
3123815945,3057030904,114.5293899020567,1.4694620500263083
3123815945,31272925,570.7983554447703,2.519389435820929
3907571845,27279339,1445.4357519213763,0.5326090392796357
258315633,27279339,1051.5732449483985,0.6145296672400814
258315633,29535607,912.2596467037621,1.0326159858078474
27410692,277060338,370.1274542505597,1.568421579147405
27410692,27410694,445.5900265333529,0.5706304655722343
27410692,5723810625,61.6114438830038,0.5861122139504372
277060338,27410779,333.4931856769241,0.05416853749666954
277060338,27410692,480.7440466301985,1.984053680599726
27410694,27410692,368.8598641508049,0.4918160836773476
27410694,297712369,70.98396469671437,0.12483029722260053
27410694,297712356,372.20297307662975,0.10910428924813897
5723810625,292884981,223.16771570792483,2.1084004538010106
5723810625,27410692,13.524976278721827,0.5860369751266307
5723810625,4862265262,5.673366355972347,0.43244900400110065
297712369,1359769521,70.98396469671437,3.2725578415222514
297712369,297712356,0.0,0.074552
297712369,27410694,0.0,0.124802
297712356,297712369,0.0,0.074552
297712356,1359769517,372.20297307662975,3.2626189127970955
297712356,27410694,244.78879538021062,0.09612705800382264
27410712,1359769517,244.78879538021062,0.050496934670787745
27410712,1359769521,0.0,0.0345264
27410712,3979445014,443.186937773344,1.1599279505505764
1359769517,27410712,372.20297307662975,0.057314062043248085
1359769517,297712356,244.78879538021062,2.8745520422348116
1359769517,1359769521,0.0,0.024255
1359769521,297712369,0.0,3.2718160000000007
1359769521,27410712,70.98396469671437,0.03453422841001262
1359769521,1359769517,0.0,0.024255
27410733,3879014012,1178.136802171667,1.5252094949994797
27410733,27410728,430.9801006997977,0.05203400032048289
292884981,27410728,546.1067726032541,0.08861823332300821
292884981,5723810625,0.0,2.062708
292884983,27410728,1014.3898989570811,0.13730451637848382
292884983,3912609284,848.9845625046567,0.46280304984568504
3879014012,3879014011,0.0,0.037068
3879014012,27410733,430.9801006997977,1.2627812471191524
27410779,277060367,241.85948600297772,0.05254749449507764
27410779,277060338,485.55283761045376,0.07299413938519979
27410779,257756770,16.178479270054243,0.04611601522988118
27410779,257756769,0.0,0.0627276
277060367,27410779,4.9524111541159455,0.0516948001499021
277060367,440369967,1457.8358515305429,3.2010166747268567
257756770,27410779,110.52128547746014,0.04614916877545416
257756770,2574657979,109.51869663669895,1.0621901195334897
257756769,27410779,0.0,0.0627276
27413455,909453442,0.0,0.2420951999999999
27413455,27413456,0.0,0.052992
909453442,27413455,0.0,0.2420951999999999
27413456,27413455,0.0,0.052992
442832879,27598012,0.0,0.0385367999999999
442832879,27598015,438.61670213046165,0.31238014402855163
78031855,30814232,0.0,4.837575999999999
78031855,28196757,85.11833800221957,1.16209771882921
78031855,30752442,62.02621706359251,1.7317280783583624
2986258962,2233985754,551.251955402742,0.13046120710184003
28796744,30151418,142.54245819690698,0.021370099435005948
28796744,30587934,647.1544911491801,1.4148904632136863
30151418,28796744,664.6143750286953,0.05839113586561466
206127721,1619208224,102.81117886609178,0.3373034251847875
28796761,33477164,626.3281830904956,0.4704658495421185
33477164,297481606,626.3281830904956,0.04761563955752122
33477164,28796761,464.5449614913626,0.44451352069291244
29401767,8832171454,0.0,0.0097585714285714
8832171454,29401767,0.0,0.0097585714285714
8832171454,1621457361,380.62896096239706,3.906684069452588
95789730,290077166,616.0202704896199,0.2540552677567041
3057030904,64804962,1354.937305259364,0.2933663059096053
3057030904,3123815945,250.42289490554137,1.5187386451367382
3057030904,29535607,1509.8225524189095,1.958112903939077
29812911,29812910,101.90710582932459,0.012370027719472104
29812911,2574657979,12.852777025513006,0.01972200259437606
3912609301,2209463058,484.7627011906842,0.1080225643386055
2574657979,29812911,109.51869663669895,0.019735677229007927
2574657979,257756770,110.52128547746014,1.0622174471632602
29954400,29954442,331.22427651371567,1.6276742339156935
29954442,29954445,0.0,0.130856
29954442,149442439,109.09307580005981,0.05039867076605481
29954442,29954400,123.77601265905358,5.133850192478131
29954445,149442439,0.0,0.041725
29954445,29954442,0.0,0.130856
29954445,29954503,0.0,2.8875200000000003
149442439,149440544,109.09307580005981,1.57641354971359
149442439,29954445,0.0,0.041725
149442439,29954442,121.3261904884165,0.05043240238130012
29954503,29954445,0.0,2.8875200000000003
30058364,30261537,672.4741000335326,0.9434791792320079
30058364,7128283652,933.6731095238276,1.1307985321395941
7117637008,30151413,514.3715823265882,0.6585669363573624
7128283652,30058364,625.550802943871,0.9625783492098924
30151413,7117637008,606.0738274057132,0.8935341961635097
30151413,3160432775,1137.471444790451,0.7979863911781668
30151413,244038923,368.38101258745667,0.1301704861045979
198189803,30156768,687.291581750629,1.4628650814535924
198189803,3859855171,663.7586356940648,0.08224927729505689
3020440809,30156768,665.5972593986621,0.15819980620867308
30332565,3043453331,412.44130303161097,1.522738709136
3612398319,364757216,0.0,0.0329544
30404993,30409405,515.4270286962545,0.02490647912945871
1619208224,206127721,580.6693726602861,0.6790920062629653
31350685,30709473,182.46125288500195,0.7761266945576444
10712397266,30709473,663.8203942222423,1.001068942028663
30752442,1620070195,62.02621706359251,2.4952761946867286
30752442,78031855,173.8501291267543,1.745624693238115
30814232,78031855,0.0,4.837575999999999
1942977739,30847942,0.0,0.5105844
74069309,30848648,685.0309001836788,2.019902035379693
31350684,30848648,430.9623592552806,0.9611652571205576
31272925,246859538,0.0,0.0403512
31272925,3123815945,574.1368990853408,2.548326822748414
246859538,31272925,574.1368990853408,0.07950731073690429
3878906071,415524744,120.67402686254292,0.030160399430385138
3878906071,31342626,257.2222382656962,0.844545477466302
3878906071,203786445,71.76048041030984,0.03774842479392253
3879014011,3879014012,430.9801006997977,0.03932402676272732
3879014011,31342626,259.19612978797716,2.0719361208185236
31353295,81580487,1467.1903342140777,0.09768657664979238
31353295,9976058363,889.3532568439337,1.025873166801945
31353296,705464210,0.0,0.0611429999999999
9976058363,31353295,831.7412921533534,0.8993910694697738
705464210,31353296,0.0,0.061143
31384856,296239234,520.3964310658478,0.007042244668058374
31384856,1774541625,0.0,0.0185751428571428
296239234,31384856,0.0,0.0052028571428571
296239234,2626739932,520.3964310658478,0.02830703915254647
1774541625,31384856,0.0,0.0185751428571428
32547462,32547463,250.74376785797728,0.09480883482796938
32547463,34030529,235.29177969161648,5.598011180006874
32547463,32547462,0.0,0.0915759999999999
32547463,2241122861,589.6694266139963,11.760553298191292
34030529,149435529,68.1953004657598,10.627830389494335
34030529,32547463,97.34094558110937,5.518893483809812
34030529,34030520,0.0,1.17545
10581412104,3073762516,25.611629241314795,2.4902975692886935
10581412104,1098659654,77.21851731714713,12.362820160549047
10581412104,33476661,347.5298275483285,4.999986796566294
34030507,34030520,0.0,3.504688
34030520,34030529,0.0,1.1754499999999997
34030520,34030507,0.0,3.504688
149435529,149440544,411.0840498189416,1.8835914081287157
149435529,81580581,164.86533251894141,7.68730681054248
149435529,34030529,280.11683620513236,11.21002816576479
159733475,60577293,0.0,0.0412788
81580494,81580581,385.0866388144014,4.429978492375833
81580581,149435529,288.1963287633548,8.107413116507411
81580581,3183713693,27.302266164310694,3.868409195803372
81580581,3193824078,17.818791068008647,2.723326451847823
81580581,81580494,271.22139279025663,3.8817336463596512
3183713693,81580581,43.3523802308296,3.868512029068544
3183713693,3183738502,916.6555230082444,1.2631618673922735
3183713693,9976058359,831.7412921533534,2.7931725589132883
3193824078,3193824080,17.818791068008647,0.016146014536476367
3193824078,81580581,0.0,2.7233239999999994
81580688,250923558,250.74376785797728,1.3952954186324076
250923558,81580688,0.0,1.347718
84465051,3193824080,0.0,1.0135464
3193824080,3193824078,0.0,0.016146
3193824080,84465051,0.0,1.0135464
85748936,85807931,12.749731082176165,0.2565420605401972
85807931,86661782,12.749731082176165,0.9787162309628038
85807931,85807521,0.0,0.0721629999999999
85807931,85748936,3.381098662765498,0.25654200029941326
85807521,85807931,0.0,0.0721629999999999
3498130773,3498136595,0.0,0.1495752
85890601,2078553223,0.0,1.7598339999999997
1054691691,1065689955,0.0,0.0368232
1054691691,86661782,5.525271382272041,0.5067600022767265
3121844724,99094266,432.90360111770394,0.8795494695168242
10712397264,95145069,1005.9950508756002,1.603962041890771
290077166,95789730,0.0,0.20259
1211691752,99094266,44.82509924961886,0.864728376714646
133281288,316299777,0.0,0.0247932
133281288,270909880,400.0121163257893,0.47457839346090724
316299777,133281288,400.0121163257893,0.03046219957964789
149440544,149442439,121.3261904884165,1.5774686365743777
149440544,2134245708,274.1155148234046,3.4069034656864963
149440544,149435529,554.417727378937,2.767192465673999
2134245708,3183738502,332.09944965053774,5.093532077210755
2134245708,3536865195,97.23829767434722,1.6599132483039136
2134245708,149440544,277.7746457982729,3.415811922675684
442828559,442828572,740.9679566209735,0.12991632811067227
3859855171,461740603,233.70762703223195,0.04418217023006194
3859855171,3859885311,240.16217881894522,0.04452794678663674
3859855171,198189803,664.8147000947635,0.08250291060137183
3859855171,3859855174,662.9878548815034,0.0795665187460249
211626783,248219543,1203.4793162271856,0.2656779513800063
211626783,271246517,1050.2246407721982,2.4926217109651234
248219543,211626783,1111.1883742478528,0.1967648854171454
248219543,1657949311,807.1068655148105,0.1997077143050227
271246517,211626783,889.6820418669483,2.0037151862399507
248219434,221994427,1186.7580797158816,1.2132640654616116
248219434,248219433,706.5251207965172,0.11957636697005392
248219540,248219538,433.02011987868815,0.14553505098317063
248219540,1657949311,1114.9054129649282,0.3370841416527533
1657949311,248219543,1111.1883742478528,0.6093941268120258
1657949311,248219540,807.1068655148105,0.22386312366387132
797425334,255886038,1066.452698351762,1.8114728072432995
3137721924,2255742337,1257.934257299949,0.390411754878913
3840988371,3840988376,1271.4215121117911,0.12315576826322455
392656728,270909809,830.1155245442608,0.07934522872642004
392656728,270909591,1270.116792963321,0.7868115033560046
270909809,392656728,1270.116792963321,0.2413962213508378
270909809,270909880,832.6819420139309,1.6886197525742432
270909809,3516121147,0.0054172918590276965,0.045408
3912609284,292884983,1337.3289558524107,1.6040766488105578
534316143,534316145,627.0149071739768,0.06899226699876988
2626739932,346633485,520.3964310658478,3.043302900836771
2626739932,296239234,0.0,0.0209134285714285
297497356,2970916284,594.0235422833023,0.1497890265753454
297497356,3013520884,468.3940284157973,1.2965149189535203
2970916284,2970916282,665.8947549853083,0.04998018260694173
2970916284,297497356,466.5164774758509,0.1009248934362228
3147881709,299844554,5.244819886952189,0.20089920073281534
311941598,903656551,1080.6758111624704,5.280829464276036
316507156,752186307,870.2895198429703,4.498124734545242
752186307,3212449669,118.0275678280536,0.05460062928685074
752186307,316507156,621.9818943552582,2.0564625068565987
2482228310,3239504185,0.0,0.3663204000000001
346633485,2626739932,743.1059912385462,5.553425006483764
3506480443,7095690295,0.0,0.869232
433065573,2970916275,358.61586370551976,0.2529142433330366
2970916275,433065573,596.8372412422372,0.37751583614241613
461740603,3043453331,214.58678063852213,1.6701689136010964
461740603,3859855171,240.0217400306145,0.04431119097402142
3861801996,3861801984,1497.7973956840913,1.1050317334028608
3861801996,3025805502,1590.7340428353677,2.9744673641674577
1798264163,668019917,0.0,0.0354797142857142
1798264163,3516471211,0.0,0.0222188571428571
3884698667,3212449669,1310.3368782399443,0.8058628048608486
3884698667,3061333822,762.5414230591176,1.779142401202065
4862265262,4862265259,1805.0555046704637,0.26572864508002597
4862265262,5723810625,180.7546144596151,0.4365716239865169
903648589,5824956622,379.69628555302813,0.176307003051574
4810580223,4810580222,3605.1861564134033,10.575540428356174
4810580223,903648936,1918.972752018214,1.0410578069138
5824956622,903648589,776.6457131083649,0.2792249833761026
903648936,2260849842,1535.316096511004,0.15386135217411975
903648936,4810580223,1204.8309084733928,0.197054216814306
2260849842,903648936,1785.3119721344947,0.26951686587032164
3516471210,3516471211,0.0,0.0219291428571428
940312683,1242395773,240.3856127654375,0.18867324505511957
940312673,1269612832,0.0,0.7236467999999999
1269612832,940312673,0.0,0.7236467999999998
1098659654,10581412104,27.06500593855155,12.358955223414185
4516060826,3150424525,429.705873788511,2.511058658968558
2255742337,3137721924,1027.7891105177857,0.3435879933167218
2255742337,1150742708,1250.9300260803834,0.3217195014286681
3074985402,3073762517,14.81201637501185,0.015018006455800332
1458120323,1762496623,1203.7512193241637,0.2084997635706552
3901577931,1458180754,574.3026788834686,0.3276812308080171
4862265259,4862265262,9.611447096674588,0.013470000202786452
3239504185,2482228310,20.5525650233661,0.36632098372256783
3025631931,3866701865,763.4084806841768,3.059538247258853
3516471211,1798264163,0.0,0.0222188571428571
3516471211,3516471210,0.0,0.0219291428571428
3686207071,3212482939,314.63168159704213,0.13236686474528048
3686207058,3212449669,466.1556850946115,1.2995735623116396
9946740209,1803689298,703.5219236233587,0.05152845658554334
1874531382,2209463058,0.0,0.0312732
2209463058,3912609301,969.7829257132828,0.4490629620119509
2209463058,1874531382,0.0,0.0312732
2043723883,4533984370,1445.4357519213763,0.7271515446911975
4533984370,2043723883,1416.566037584504,0.6733329611277359
3907572087,3907572085,1416.566037584504,5.131088955289118
3536865195,2134245708,57.98393482713283,1.658756436744297
2187198440,3025805502,1705.7502164965006,0.6153447029261084
2187198440,3864841558,653.5666483256455,2.2131626738485246
3025805502,2187198440,569.0587673003708,0.022157973199146974
3025805502,3861801996,1488.1527976035402,2.515962726293407
2187198469,3846282157,489.80118662880693,0.7762625999929892
3840988369,3881935061,0.0,0.0910943999999999
2260731086,4810580222,1911.0124216355039,2.87177221497677
4810580222,4810580223,1911.0124216355039,1.3312474668362162
4810580222,2260731086,1039.3952757774493,0.3581540943896377
2968174745,2272203032,1815.3010677366362,6.004465263707407
3930292765,2526224454,846.7743464558721,0.04636935767654275
2610458800,3842071988,804.6123735366778,0.2440158316019773
2610458800,3859855174,583.6958134929272,1.0499914294752972
3859855174,3859855171,671.4781202617082,0.08157003634398496
3859855174,2610458800,637.3796649347713,1.2089045772055922
3160483032,3160439147,895.6214011053705,1.1676549639129647
3371924911,2970916282,552.3155568382233,0.050723917054040106
3371924911,9982673425,670.3003641106825,1.8497820443493387
2970916282,2970916284,466.5164774758509,0.025807114943431412
2970916282,3371924911,665.6958405999023,0.07628627815293006
3866701865,3025631931,668.5350412971189,2.1118274054528547
3866701865,3864841571,1755.5295590074293,1.197108442346915
3212482939,3123615192,1039.6105901987173,2.7182529000626707
3212482939,3686207071,466.1556850946115,0.15516676224677334
3212482939,3061333822,572.5461847350405,3.3478481378572873
3073762516,10581412104,0.0,2.490288000000001
9976058359,3183713693,889.3532568439337,3.1859786868085727
3183738530,3183738527,0.0,0.023562
3498136595,3498130773,0.0,0.1495752
7095690295,3506480443,476.2502484476878,1.2685858016623814
3881935061,3840988369,1271.4215121117911,0.5110139754248648
3840988376,3840988371,0.0,0.0219539999999999
3861801984,3861801989,1429.238839056462,1.681556989019845
3861801984,3861801996,776.0115907456546,0.12021520054657522
3866868160,3866868163,571.6310300195646,0.04021901820985741
3866868160,3866974284,395.5656628715844,1.0123637873216194
3877390786,3877452744,33.25095938962384,0.5624163837387551
3952754484,3952754481,1055.54903757588,0.06283052145804567
4030574417,4030574404,21.20388377045508,0.47137682870806863
